2.907
2.060
2.097
3.143
2.198
2.975
4.625
3.274
1.895
2.190
2.918
2.960
2.257
3.080
3.217
3.084
2.441
2.059
2.993
3.289
2.029
3.041
10.812
3.012
2.127
1.989
3.023
3.229
2.015
2.964
3.144
3.015
2.088
2.076
3.146
3.227
2.563
6.712
3.350
3.100
5.517
2.519
3.314
3.131
3.905
3.465
3.174
3.046
2.427
2.086
2.241
2.002
10.264
7.452
2.991
3.237
3.246
1.989
2.178
1.991
3.019
3.145
2.839
3.107
3.083
2.291
2.528
2.476
3.038
3.310
3.771
2.990
3.135
2.130
2.457
2.127
3.169
3.206
3.333
3.089
3.053
2.121
3.053
2.036
3.340
3.238
2.813
3.505
3.214
1.961
2.051
1.907
3.290
2.196
3.079
2.279
2.353
4.679
2.499
2.969
2.432
19.700
3.120
2.164
2.997
10.557
2.564
3.027
2.132
7.904
3.943
2.196
3.033
3.099
3.228
3.211
2.053
1.871
3.103
2.237
2.210
3.506
2.995
2.030
3.180
1.961
3.205
2.082
3.399
3.393
3.055
2.537
3.035
1.993
3.217
2.213
2.323
3.211
3.189
1.987
3.124
2.214
4.331
1.977
2.566
3.205
3.062
2.406
3.040
2.072
3.133
1.920
3.146
2.311
2.235
2.282
3.235
3.270
3.034
2.141
3.663
1.973
2.394
5.363
3.457
2.229
2.451
2.265
2.121
2.023
12.566
3.728
1.981
3.339
2.536
2.072
2.077
23.624
2.913
1.874
2.208
3.273
2.369
2.273
1.976
1.989
3.514
2.206
2.102
3.416
2.352
2.061
1.984
1.966
3.234
2.268
2.591
2.123
2.172
2.071
2.038
2.936
3.085
3.292
1.996
3.495
2.048
3.874
2.038
3.060
3.002
3.126
2.257
2.236
2.324
1.937
2.039
3.055
3.017
3.335
1.975
2.288
2.085
2.048
2.178
3.242
3.111
3.104
2.097
1.833
2.133
2.723
2.106
2.935
3.141
2.882
2.010
2.243
2.060
2.051
2.387
3.725
2.908
2.240
2.909
2.363
2.291
3.220
3.079
3.181
3.054
3.225
2.244
3.054
2.986
1.949
3.072
3.147
2.159
2.109
2.617
3.120
3.097
1.976
3.211
3.294
1.936
2.081
1.923
3.856
2.817
3.322
3.256
3.531
1.927
1.921
2.272
3.022
3.365
2.168
4.631
3.126
2.307
1.987
2.504
3.629
3.053
2.319
3.379
3.265
2.304
2.966
3.040
3.325
3.286
2.066
3.185
3.056
2.417
3.166
2.062
3.080
2.964
2.139
3.389
3.335
2.072
2.937
5.317
3.161
2.960
2.040
2.047
2.955
3.438
2.998
2.912
3.267
4.400
2.210
2.667
3.179
3.084
2.953
3.406
3.424
3.004
2.152
2.216
2.082
3.254
3.114
2.902
3.328
3.140
1.986
2.331
2.849
3.123
3.188
8.944
1.965
2.736
1.989
3.087
3.155
3.384
3.213
3.398
3.512
2.602
2.407
3.209
3.200
3.191
2.990
3.469
21.318
2.318
2.498
3.335
3.006
3.156
3.323
3.194
3.129
3.052
2.015
3.380
7.950
3.132
3.379
4.372
3.073
2.013
2.440
3.159
3.138
3.019
3.811
3.445
3.063
2.249
2.188
5.449
3.043
2.811
3.180
2.336
3.142
2.506
2.432
3.227
2.950
2.996
2.037
2.188
3.102
2.132
3.279
3.037
3.184
2.930
2.380
2.538
2.964
1.876
2.918
3.710
3.029
3.031
2.300
2.280
3.101
1.904
3.070
3.560
3.107
3.003
2.985
2.053
3.325
2.183
3.043
3.152
3.510
3.416
2.264
1.974
3.080
2.761
3.133
3.500
3.202
3.291
2.158
2.248
3.161
3.453
3.154
3.739
3.170
2.020
3.021
2.050
5.221
2.952
2.328
3.002
2.874
2.255
3.039
2.852
2.077
3.202
2.600
3.133
3.040
2.020
3.014
3.088
3.635
3.216
2.049
2.072
3.161
3.029
2.060
3.295
4.884
3.307
2.272
2.038
8.707
3.467
2.093
3.306
3.137
3.168
2.186
2.109
3.462
3.106
2.352
2.618
2.273
8.625
1.972
2.091
3.744
3.306
3.230
1.931
2.395
3.175
1.856
2.122
3.544
2.127
3.227
1.930
3.023
1.876
4.388
3.297
2.248
2.838
3.113
2.255
3.255
2.126
3.154
3.096
2.022
9.851
7.004
2.057
3.313
1.886
3.649
2.923
2.096
3.326
3.158
2.595
3.748
2.025
3.037
3.191
2.109
3.198
2.972
1.990
3.099
2.075
3.241
3.111
4.617
3.267
2.235
3.352
3.140
3.065
3.281
3.480
2.527
3.500
1.917
2.027
1.961
3.335
1.850
3.279
2.141
3.050
2.212
2.058
2.125
3.138
1.908
2.943
2.036
2.994
1.954
2.395
2.173
3.041
2.057
3.251
1.933
3.263
17.564
2.018
2.424
4.691
2.056
3.037
2.177
2.939
2.018
2.315
2.040
2.956
2.241
3.332
1.827
2.131
3.118
2.203
3.258
3.226
2.324
2.129
2.009
1.917
3.237
2.002
2.891
3.052
2.382
2.067
2.130
2.015
3.213
2.266
3.122
3.054
2.152
2.210
2.400
2.110
3.090
2.373
3.157
3.259
2.206
2.197
3.813
6.969
3.187
2.336
3.271
3.093
1.994
3.700
2.078
2.082
3.124
2.368
3.148
4.297
2.036
3.108
1.889
3.098
2.386
3.018
2.076
3.208
2.323
3.267
4.237
2.129
5.142
2.992
1.985
3.141
2.009
2.942
3.215
1.976
2.102
3.057
4.682
3.357
1.986
3.108
3.235
2.054
1.952
3.322
2.244
3.810
1.997
3.152
3.032
2.278
2.206
5.121
2.316
4.118
1.996
3.207
3.256
2.034
2.880
3.718
1.972
4.205
3.927
3.522
3.642
1.899
2.161
3.346
1.988
3.355
2.065
3.141
2.261
2.212
2.349
2.258
2.085
3.504
2.079
3.348
4.969
2.167
2.195
2.049
1.940
4.462
2.652
3.101
2.181
7.991
2.120
2.207
1.938
3.073
2.149
3.124
2.521
2.207
2.148
1.945
2.020
3.156
2.113
3.333
2.252
3.828
2.638
2.235
3.446
2.899
2.104
3.246
2.082
2.052
1.919
4.432
2.055
3.379
2.948
2.842
2.386
3.837
3.118
3.313
7.589
3.202
11.433
2.719
2.190
2.039
2.955
3.213
2.203
3.236
5.063
2.251
2.091
1.936
2.936
3.221
3.132
3.195
2.987
2.041
2.517
2.020
3.087
3.624
2.017
3.038
3.058
2.253
2.042
11.464
2.960
3.117
1.879
3.155
3.362
2.220
2.388
4.259
3.259
2.162
3.164
3.087
2.177
2.013
2.892
2.068
3.282
1.964
2.165
3.015
3.128
1.994
2.887
1.923
3.187
2.260
2.490
2.978
4.014
2.171
2.892
2.252
6.085
2.089
2.264
7.162
3.225
6.510
3.106
2.306
3.528
2.127
1.988
3.167
2.969
2.128
2.900
1.853
4.890
2.236
2.196
6.172
3.081
2.151
2.096
2.012
2.037
2.982
2.090
2.793
1.876
2.295
3.343
2.018
1.885
3.110
1.969
2.113
2.225
2.235
3.284
2.806
1.994
3.050
1.978
2.042
2.083
2.176
2.994
2.455
2.161
3.019
2.153
1.989
2.446
2.493
3.006
2.473
3.541
3.207
2.488
2.284
2.083
2.414
4.873
2.024
2.106
3.204
2.243
2.440
2.256
3.217
2.268
3.234
3.020
2.119
3.962
3.033
3.192
2.902
2.474
3.176
3.171
2.045
3.157
2.040
1.989
3.108
2.122
3.934
3.503
3.018
2.853
2.345
1.876
3.173
2.284
1.918
3.241
2.998
3.185
2.181
1.990
3.762
2.110
2.161
3.214
4.399
4.011
4.884
2.392
3.124
8.897
2.267
3.032
3.273
3.231
2.447
2.267
3.138
1.852
4.028
2.892
3.187
3.089
3.061
3.238
3.257
2.004
3.016
3.440
3.220
3.425
3.193
3.128
3.087
2.575
3.214
3.157
3.032
2.913
30.198
3.113
3.777
3.379
3.093
3.270
3.144
3.233
3.415
2.907
3.266
1.871
2.964
3.017
2.949
3.381
2.983
3.193
3.375
2.001
3.299
3.220
7.813
3.381
1.854
3.071
3.448
3.033
3.040
3.070
3.051
7.074
1.858
3.282
2.266
4.726
2.855
3.191
3.140
3.051
2.178
3.094
1.992
3.452
3.513
3.115
3.285
2.841
1.848
3.459
2.188
3.143
3.474
3.053
2.830
3.045
2.036
3.186
2.189
3.113
3.184
2.995
3.060
2.959
3.969
15.222
2.028
3.127
2.950
2.899
3.125
3.203
1.901
2.025
2.084
4.211
2.106
1.837
3.064
2.865
3.180
3.110
2.188
2.249
2.229
2.409
3.149
2.396
3.116
3.280
3.299
2.091
2.128
1.883
3.113
1.936
3.105
3.245
4.119
1.931
2.240
2.379
3.267
1.879
3.084
4.339
2.528
1.886
6.153
2.114
3.121
2.227
5.388
3.180
2.106
2.100
18.829
2.159
3.412
2.484
3.067
3.263
1.962
2.220
7.671
3.360
3.039
2.155
3.494
2.882
3.461
2.043
2.384
3.050
3.063
2.214
2.344
3.100
21.258
1.948
2.277
18.639
3.091
1.860
3.726
3.228
3.120
2.287
1.833
3.016
3.246
39.749
3.151
4.801
3.172
2.492
2.295
3.382
3.076
1.952
2.829
2.880
3.457
1.818
2.070
3.002
3.025
2.226
2.088
5.464
3.132
2.345
2.104
2.564
2.191
2.409
3.316
2.180
2.025
3.105
1.948
2.424
2.023
2.509
3.230
1.807
2.295
3.149
1.944
2.308
2.041
2.262
3.333
2.072
2.395
3.427
2.008
14.610
2.499
11.493
3.359
9.356
13.405
3.054
2.189
2.171
2.257
1.904
3.008
2.263
2.479
7.822
2.256
1.994
2.233
1.929
3.033
2.104
1.999
8.789
1.976
3.223
1.968
2.915
3.200
3.102
2.935
2.304
3.000
1.961
2.386
3.156
6.089
7.777
3.442
2.538
3.192
5.530
2.455
3.100
3.043
3.447
3.019
1.825
3.080
2.240
2.285
2.982
3.137
2.989
3.619
2.007
3.020
2.252
4.030
3.053
3.222
3.032
3.436
1.953
3.182
1.952
2.061
3.215
3.166
6.772
4.926
1.942
2.075
2.955
2.058
2.348
2.242
3.331
2.997
2.312
8.548
3.048
2.451
2.079
2.176
8.931
3.063
5.052
2.040
4.626
2.019
2.111
2.318
3.242
3.286
11.633
1.954
3.109
2.298
1.987
1.907
17.045
3.413
2.296
2.118
4.049
2.182
2.281
2.188
3.301
3.379
1.906
4.489
12.785
3.218
2.043
2.202
3.190
4.461
3.145
3.938
3.397
3.445
2.002
2.188
3.110
2.960
3.207
6.641
3.416
3.234
2.320
2.212
3.245
9.567
3.122
2.041
3.110
3.174
2.097
2.296
4.434
3.154
5.785
3.577
3.064
2.997
3.971
1.960
3.247
3.081
3.146
1.902
3.472
3.252
5.562
2.604
3.110
3.055
3.193
2.330
3.245
9.196
12.618
2.433
3.675
2.028
2.009
4.144
2.312
3.021
1.908
2.135
3.798
2.084
2.889
2.384
3.379
3.359
3.061
3.082
2.055
1.968
2.900
2.269
2.996
5.052
3.462
12.840
1.976
2.298
3.169
3.766
3.480
3.719
6.358
3.021
2.909
1.957
3.018
2.771
3.143
3.182
3.044
3.100
2.102
2.359
3.489
2.061
2.948
3.289
3.129
7.918
1.982
2.190
4.871
2.038
3.366
3.143
3.037
3.092
3.257
3.052
3.067
3.236
2.366
3.109
2.007
2.110
2.260
3.353
2.871
12.956
2.126
2.863
2.276
2.282
9.247
3.097
9.031
3.097
2.855
3.177
2.772
1.849
2.237
3.047
2.997
3.516
2.472
3.097
2.247
4.452
2.063
14.909
3.084
7.640
2.002
3.494
2.336
8.378
2.477
3.277
5.407
1.931
2.922
2.163
3.016
2.081
3.291
1.895
2.979
2.202
3.228
2.235
2.885
2.993
4.816
2.248
3.177
3.098
3.655
1.987
3.363
5.279
2.018
1.997
2.963
3.200
3.263
1.851
3.405
3.497
2.239
2.119
3.258
3.106
3.047
2.494
3.567
3.114
2.113
2.299
2.980
3.539
3.192
2.083
3.310
3.341
2.186
1.835
3.313
3.126
3.501
2.602
3.782
2.368
5.331
2.307
2.946
1.901
3.081
2.852
2.164
3.397
2.906
2.214
3.192
2.315
3.263
2.631
2.367
3.205
3.948
5.680
2.998
1.948
3.237
2.045
2.148
3.254
3.088
2.017
2.999
2.246
3.396
1.839
2.231
3.052
2.940
2.010
3.127
2.275
3.316
3.382
1.887
5.266
3.233
3.219
2.784
2.158
2.052
3.083
2.653
3.178
3.753
1.972
1.997
1.934
2.342
1.803
3.176
2.576
3.510
2.805
2.126
2.264
2.225
2.527
2.906
2.216
3.130
3.008
2.313
2.165
2.400
2.058
2.986
2.197
3.262
3.143
2.754
2.062
1.844
1.854
11.995
2.109
3.510
3.074
2.033
2.173
2.026
5.997
3.044
2.184
3.854
2.999
2.494
2.464
8.783
2.016
3.215
4.580
3.460
3.139
2.818
2.100
3.101
3.248
12.495
4.031
2.160
2.920
2.894
1.970
3.196
3.263
3.407
3.285
2.187
3.380
3.197
1.976
3.183
3.155
3.135
3.085
1.955
3.053
10.096
2.671
3.189
3.307
6.106
3.338
2.189
3.174
3.558
3.052
17.220
3.339
3.068
2.988
2.416
3.358
2.275
2.959
3.206
2.075
11.639
2.128
4.612
2.969
5.810
3.176
3.402
2.242
2.973
3.150
2.281
2.234
2.125
6.610
3.206
2.131
3.116
3.054
3.122
2.951
3.178
3.178
2.399
3.460
2.316
3.089
3.030
5.318
3.398
3.277
2.232
4.712
2.083
4.473
6.612
3.147
3.240
2.933
2.121
3.049
4.688
5.676
1.923
2.555
2.254
1.880
2.034
2.378
1.994
6.408
2.175
2.105
1.898
2.114
1.951
2.075
2.303
3.137
2.150
1.969
1.965
1.984
2.798
3.349
3.656
5.949
3.967
2.195
10.232
2.233
2.270
2.126
2.447
3.824
1.911
2.109
2.081
1.913
2.558
1.995
2.223
2.183
3.786
2.333
2.296
2.010
2.195
3.002
1.850
9.961
3.106
2.094
2.040
3.191
2.126
3.005
2.161
3.348
4.829
3.314
2.957
2.147
2.465
3.476
2.263
3.490
2.010
3.264
3.297
2.112
2.406
3.484
2.178
3.563
1.867
3.246
3.073
2.296
1.953
3.287
1.964
3.258
2.159
3.036
3.413
1.830
2.184
3.268
2.196
3.164
1.998
3.406
3.141
7.036
3.329
3.484
2.040
2.995
2.107
2.384
2.145
3.432
6.118
1.938
3.044
3.661
3.273
1.901
2.221
3.133
4.221
2.091
2.992
3.433
2.299
2.078
2.245
2.983
1.899
2.230
4.823
3.150
4.588
2.124
2.593
3.074
2.493
2.243
5.309
3.347
1.976
2.301
2.136
3.658
2.454
5.493
3.344
4.432
2.207
2.093
2.975
2.062
2.396
2.322
2.907
3.123
3.009
8.705
3.043
3.079
3.156
2.071
2.133
3.363
2.809
2.214
3.084
3.045
3.356
2.101
2.136
3.259
3.645
2.868
3.161
2.951
3.091
2.245
1.945
3.051
3.262
2.284
2.877
3.167
3.236
2.101
2.027
3.732
3.299
1.827
3.331
2.933
3.182
2.005
2.278
9.413
1.978
2.235
3.858
2.158
3.152
3.571
6.130
2.547
3.431
3.053
2.238
8.592
4.020
2.657
4.374
3.103
2.133
3.083
2.254
2.136
5.293
2.083
3.605
3.154
2.240
3.503
2.431
2.396
4.039
2.402
4.603
3.400
2.115
3.121
2.458
2.279
3.432
2.096
3.122
1.955
2.534
2.991
2.309
2.222
3.954
1.972
7.845
2.301
2.190
3.258
2.488
2.298
2.124
2.110
2.001
2.464
3.109
3.856
3.171
1.999
9.876
2.082
2.087
13.256
3.038
3.196
5.612
2.167
3.830
2.496
2.050
2.422
2.874
11.653
2.026
2.364
5.224
7.196
2.440
2.781
3.051
3.095
6.074
2.192
5.657
2.002
1.871
2.004
3.173
3.160
2.902
2.421
3.194
3.090
3.378
3.376
4.279
3.279
6.475
3.580
2.070
3.009
5.354
4.251
2.144
2.258
3.257
3.150
3.431
5.661
2.927
4.067
2.086
2.164
3.152
6.002
3.256
3.149
3.182
3.773
2.103
2.026
3.448
3.356
2.139
2.908
3.378
2.212
1.875
2.164
3.185
3.133
2.146
38.257
2.208
3.079
2.085
2.397
3.416
3.576
2.317
3.956
8.419
3.363
2.054
2.188
2.028
3.021
3.652
3.036
3.332
3.498
5.941
2.321
3.829
3.006
2.344
4.761
2.312
2.733
2.157
4.425
9.829
2.473
2.129
3.071
4.751
14.092
2.132
2.413
3.238
2.247
2.003
2.990
2.788
2.425
2.100
2.040
3.291
2.160
1.999
2.911
2.961
2.117
2.074
2.092
2.427
2.244
2.736
2.126
2.017
3.199
3.041
2.411
5.163
2.171
2.209
1.953
2.030
3.273
3.046
2.028
2.110
2.170
12.993
2.111
1.902
3.073
4.146
2.798
2.288
2.386
1.977
2.983
2.082
3.234
3.117
2.235
2.518
2.064
2.344
2.373
2.055
3.029
1.971
3.100
2.609
3.110
2.920
3.141
3.021
3.091
2.142
4.752
2.368
1.962
3.312
3.268
2.971
3.215
2.311
3.158
2.065
2.083
7.329
4.273
3.109
3.353
2.327
2.914
1.999
2.170
3.185
2.981
3.419
2.920
3.850
3.171
2.136
2.953
3.746
2.971
8.304
7.438
2.442
3.016
2.052
2.230
3.069
3.017
8.912
3.114
2.196
3.170
1.998
4.715
3.530
2.067
2.024
3.364
2.581
2.948
3.446
2.149
4.432
1.958
2.136
8.073
2.205
3.303
1.840
2.212
3.224
2.266
5.766
3.180
1.907
3.273
2.451
2.011
3.404
1.990
2.001
3.304
2.192
3.002
5.673
2.063
3.115
2.002
9.428
8.185
2.501
3.146
2.101
2.863
2.035
5.875
2.011
3.118
4.068
3.087
2.095
2.127
2.211
2.341
2.033
3.194
1.983
17.670
7.253
2.375
2.015
2.557
2.067
3.291
3.032
6.289
1.999
1.894
2.012
2.179
2.063
3.219
2.070
3.392
2.050
1.954
2.147
2.148
2.219
2.986
2.298
3.029
2.565
2.139
2.055
2.573
2.099
3.148
2.021
8.339
2.067
3.116
2.454
2.245
3.025
2.148
2.928
2.214
3.111
3.022
2.099
2.297
3.440
1.942
5.538
2.110
7.561
3.711
2.531
1.977
3.050
2.258
3.249
2.268
3.294
3.201
3.102
1.998
3.273
2.159
3.015
1.861
3.225
5.176
2.321
2.297
3.451
2.040
4.069
3.505
3.673
2.999
2.090
3.117
2.061
2.482
3.054
3.049
1.898
2.038
2.143
4.083
2.269
2.311
3.578
32.618
2.220
2.835
3.372
2.388
3.252
2.272
2.030
1.901
2.363
6.760
3.279
3.291
1.992
2.711
2.843
2.072
2.013
2.088
8.885
4.434
2.552
2.032
3.787
1.862
2.180
2.041
3.105
5.506
2.102
1.899
3.042
4.674
2.266
2.279
3.246
3.425
2.172
2.100
2.902
1.862
2.046
2.088
3.091
4.687
2.110
2.241
3.298
3.001
2.189
2.646
3.128
7.953
2.912
2.266
3.223
4.268
1.875
2.130
3.267
2.135
3.036
2.954
3.233
3.089
2.122
2.683
3.260
2.161
3.068
2.983
3.073
3.225
2.039
2.433
3.215
2.309
3.033
3.142
2.891
3.260
2.260
2.433
3.128
2.527
3.189
5.276
3.184
3.273
2.331
2.542
3.233
2.104
3.253
3.025
3.337
3.229
3.034
1.983
4.440
2.088
3.152
2.377
2.867
3.556
2.201
3.381
2.117
3.628
2.467
3.348
1.880
2.239
2.285
3.465
2.096
3.018
1.872
3.295
2.352
2.111
2.689
3.226
2.382
3.552
2.064
13.630
2.172
2.053
2.112
5.682
2.405
3.045
2.144
3.094
2.003
2.103
2.158
3.300
2.144
3.202
2.595
3.239
2.259
2.058
2.278
3.136
2.015
3.377
21.806
6.125
3.275
6.602
2.317
1.922
2.133
2.349
2.885
2.163
3.329
3.086
2.345
2.121
3.466
2.159
3.177
2.023
3.156
3.261
2.242
2.581
1.988
2.007
3.114
2.257
3.417
3.123
2.033
2.103
2.065
3.478
2.958
2.230
3.140
3.075
2.053
2.113
2.050
2.129
2.875
2.030
5.271
3.101
2.514
1.964
15.721
3.333
1.847
3.443
3.456
2.015
6.008
1.845
2.848
3.004
2.382
3.189
2.685
2.436
2.845
2.117
4.853
2.201
2.302
5.627
2.257
2.035
3.089
2.200
3.182
2.173
9.457
3.348
1.980
1.971
3.639
2.171
7.921
2.468
2.035
3.137
3.157
2.173
3.171
2.026
3.001
5.819
1.927
4.397
2.134
2.207
6.945
2.326
3.287
2.997
2.229
2.093
1.993
2.986
2.186
3.055
8.404
3.360
2.049
2.229
2.229
3.019
2.145
2.583
3.282
3.195
2.174
2.525
1.897
2.263
2.091
2.227
2.794
3.144
2.700
2.900
2.733
2.007
2.063
1.975
3.166
3.212
2.563
1.997
2.028
2.154
1.902
2.631
13.883
3.194
2.341
3.866
2.074
3.045
2.477
3.253
3.362
3.212
3.782
2.551
1.991
3.764
2.584
2.930
3.077
2.224
3.361
2.013
1.860
3.341
2.676
11.437
2.115
3.236
2.399
2.072
2.192
2.317
11.457
3.228
3.168
3.093
2.095
2.508
2.249
3.123
5.311
3.194
3.498
3.112
1.893
2.056
3.393
2.228
3.229
3.463
3.203
3.325
2.596
3.259
2.156
3.228
3.363
2.021
3.015
3.685
11.606
2.670
2.175
3.410
3.310
2.345
7.286
1.927
3.296
2.396
8.281
3.231
3.027
2.289
3.143
1.998
2.947
2.173
2.570
3.345
2.964
3.034
3.114
2.176
3.057
6.944
1.895
3.375
5.407
2.241
3.151
1.920
3.032
2.145
6.131
3.421
3.034
2.763
3.039
2.219
3.140
2.137
3.213
2.203
2.296
2.277
2.940
2.115
2.369
1.892
3.053
2.066
1.975
2.417
2.908
2.087
2.316
1.993
3.611
3.817
4.122
2.218
3.303
2.097
2.200
1.973
3.749
2.261
1.964
2.284
3.079
1.962
2.018
1.849
3.115
2.139
2.179
2.997
2.882
2.508
9.464
2.034
3.352
2.052
2.382
3.068
2.170
2.364
2.322
3.087
2.020
3.283
3.173
3.265
2.264
2.457
2.858
3.207
2.281
2.828
2.940
3.167
2.394
1.971
2.243
3.039
2.220
3.103
2.845
3.178
2.871
2.166
2.169
3.461
3.042
3.379
3.858
4.865
2.280
1.966
2.387
3.390
2.168
2.893
3.118
3.155
2.182
2.362
1.947
3.325
1.998
3.166
3.216
3.368
2.454
3.099
3.351
3.089
2.070
2.452
1.906
3.285
1.911
3.249
6.121
2.137
3.622
2.386
2.168
3.915
2.029
3.134
3.141
2.153
5.474
2.330
2.111
3.020
3.170
2.865
3.031
1.978
3.113
2.078
2.095
3.640
2.322
4.631
3.034
2.088
3.276
13.958
4.086
3.207
2.117
3.107
4.825
2.152
8.136
1.941
2.003
2.897
2.146
2.883
3.353
2.749
1.979
2.992
2.290
4.838
2.106
2.147
3.102
3.070
2.000
2.916
1.916
6.140
1.951
2.276
3.086
2.988
2.117
5.617
2.023
3.126
2.002
4.853
9.432
4.283
2.032
3.282
3.066
3.215
4.250
4.855
3.204
3.323
9.378
3.109
6.874
3.160
2.038
2.269
3.146
3.056
2.004
3.193
2.229
5.763
2.428
3.027
2.259
2.017
2.627
3.081
3.219
3.190
2.675
3.010
1.920
2.198
1.938
3.020
3.548
3.294
2.402
3.065
1.934
2.027
1.914
2.902
3.000
4.101
2.285
2.943
7.479
2.718
2.312
2.882
3.195
3.269
1.929
3.221
1.959
2.289
1.899
2.985
3.113
3.181
7.672
3.190
2.087
2.864
2.419
3.076
3.059
3.012
3.227
3.073
1.971
3.073
3.062
3.194
2.316
2.191
2.376
2.145
2.147
2.963
3.023
3.389
4.255
2.412
7.790
1.980
1.962
3.076
3.504
3.363
2.328
2.446
2.310
2.092
3.195
1.933
2.902
3.098
2.219
2.061
3.006
2.028
3.198
2.021
3.092
2.997
1.943
2.240
3.357
2.163
3.255
1.985
3.194
3.919
2.184
2.114
3.158
2.008
3.066
1.926
1.822
3.297
2.001
2.128
2.294
3.099
3.003
4.170
3.090
3.833
4.438
2.418
2.099
3.058
9.047
3.197
3.188
22.192
2.079
2.314
1.953
2.270
2.314
2.156
3.116
1.983
3.008
3.198
2.023
2.353
2.269
2.189
2.996
2.093
3.071
3.121
2.129
2.132
1.999
2.147
3.422
2.112
5.280
3.416
2.273
2.239
2.090
2.159
3.007
2.059
2.996
3.463
2.105
2.129
3.241
2.068
3.028
2.132
3.190
2.050
3.035
6.864
7.266
2.854
3.295
2.044
3.075
2.328
3.274
3.630
2.998
2.240
3.242
2.550
3.015
2.453
3.245
3.261
3.308
2.324
2.970
2.368
3.028
2.469
2.866
3.067
3.245
2.133
2.950
4.099
3.119
2.467
3.201
3.174
2.961
2.241
3.197
3.437
3.211
3.535
1.789
2.220
3.049
3.036
2.255
2.964
3.172
3.521
2.050
2.119
3.816
3.508
3.080
3.634
3.225
3.254
2.000
2.093
4.127
3.249
2.779
3.566
3.150
4.576
3.102
2.087
3.076
2.160
1.923
3.225
2.142
3.165
2.004
1.818
3.266
10.084
2.231
2.930
2.404
3.219
2.014
3.529
3.053
1.805
6.241
3.394
3.125
3.211
2.945
3.033
3.317
3.270
1.978
3.295
2.969
3.027
3.218
3.520
3.533
3.433
2.289
3.328
3.153
2.955
2.604
3.135
2.847
2.918
2.099
3.123
3.039
3.720
3.447
14.345
3.051
2.992
2.197
3.057
3.202
3.424
2.809
3.399
3.165
3.991
2.262
4.354
2.992
3.020
1.989
3.149
2.205
2.153
1.902
2.192
1.889
2.122
2.031
4.681
3.193
3.196
2.709
5.030
2.184
1.821
14.605
2.878
3.111
3.093
2.100
3.627
2.153
1.830
2.024
3.154
3.336
2.971
2.375
1.859
2.132
1.904
3.011
1.858
3.304
3.266
2.130
2.973
3.269
3.117
6.168
2.313
3.217
3.283
2.121
3.437
3.201
3.378
2.182
2.129
6.010
3.138
3.270
2.999
2.017
3.125
2.385
2.028
3.248
3.222
3.270
2.888
2.030
3.201
2.145
2.101
3.394
3.229
3.288
6.564
2.525
3.052
8.696
2.391
3.380
3.059
3.179
3.181
9.093
3.114
1.999
1.869
3.204
3.015
3.312
2.959
2.270
3.442
2.097
2.428
3.331
2.857
5.613
3.434
1.940
3.233
3.261
4.814
2.045
2.307
3.188
3.158
3.015
1.984
3.129
8.954
2.258
2.037
3.185
4.450
2.052
1.959
3.182
3.592
17.951
12.817
3.232
3.403
2.007
2.292
3.165
3.276
1.798
2.399
3.068
3.126
2.854
2.295
3.102
3.156
1.996
2.137
3.162
2.981
2.104
3.432
3.314
3.398
3.115
2.425
2.066
3.122
1.944
3.138
2.561
3.256
1.988
1.982
2.308
2.281
2.916
2.220
2.525
3.158
2.501
1.964
2.413
2.023
3.031
2.223
12.015
3.301
2.098
2.762
1.967
2.135
3.062
13.201
2.251
3.077
2.202
2.284
2.337
2.134
2.939
2.070
2.261
3.254
2.308
1.842
2.429
2.715
2.833
3.342
2.108
3.019
1.944
2.427
3.409
3.456
2.210
3.298
2.226
4.657
3.223
3.146
2.412
2.118
2.262
3.153
2.355
1.898
3.974
3.115
2.090
2.290
2.278
3.674
2.249
2.194
3.070
3.385
11.263
1.886
2.077
3.137
2.564
2.042
3.106
3.138
2.135
2.219
2.323
3.259
1.936
1.999
3.157
3.036
1.926
3.340
3.559
2.161
3.076
2.431
2.161
3.062
1.830
4.351
2.049
2.961
2.215
3.401
6.631
3.117
2.570
2.826
2.590
2.939
11.384
3.272
3.390
3.229
2.018
3.338
3.240
4.551
2.096
2.890
3.581
3.073
2.128
3.268
2.296
3.064
3.136
2.893
3.256
2.930
2.282
3.518
3.558
3.019
2.594
3.113
3.373
3.127
1.913
3.036
2.217
3.066
2.220
3.106
3.282
1.899
3.736
2.233
3.224
2.039
2.705
3.160
1.988
3.229
3.291
2.376
2.935
2.241
2.383
3.179
1.833
3.151
3.225
2.322
3.303
3.317
1.914
3.405
2.465
2.906
3.267
7.542
3.021
2.096
2.483
3.364
18.037
2.945
2.965
2.186
3.198
2.000
2.494
3.084
2.380
3.066
3.814
1.853
3.623
1.990
2.213
2.183
2.318
2.912
3.092
5.743
3.061
2.206
10.948
2.217
1.936
2.228
3.288
1.950
3.157
2.018
3.370
2.084
2.164
1.907
8.094
2.476
3.194
2.129
4.479
2.155
2.363
2.168
4.809
2.261
3.531
1.920
3.244
2.102
2.363
3.135
2.368
3.329
2.205
4.753
3.065
2.138
4.348
2.898
2.453
3.261
2.485
2.468
3.129
2.325
2.383
3.112
3.285
3.519
3.217
2.277
3.151
3.178
3.297
2.340
2.043
3.090
4.008
2.290
3.003
2.888
3.025
3.661
2.393
4.398
3.287
4.083
3.372
9.656
2.828
2.271
2.132
4.909
3.065
2.120
3.311
7.208
3.146
2.175
2.564
3.362
3.118
2.178
3.016
3.015
4.638
3.872
2.338
3.448
3.116
3.159
3.146
1.846
3.113
1.896
2.373
3.200
2.203
3.143
3.031
1.856
3.157
3.643
2.011
6.194
2.124
3.093
3.085
2.338
3.238
1.799
2.262
3.034
2.155
3.347