2.511
2.743
2.697
2.515
2.562
2.694
2.824
2.985
2.554
4.801
2.617
2.520
2.701
2.643
2.900
2.809
2.611
2.906
2.923
7.024
2.556
2.556
2.600
2.881
2.494
2.406
2.574
2.584
2.923
2.857
2.710
2.506
2.502
2.542
3.120
2.670
2.959
2.638
6.621
4.613
2.725
2.502
4.543
3.526
2.532
2.383
2.666
2.885
2.582
2.902
2.456
2.834
2.796
6.721
4.782
2.858
2.586
2.865
2.544
2.745
2.709
2.885
2.775
2.833
2.908
2.475
4.373
2.515
2.642
2.664
2.555
2.559
2.598
3.406
5.124
2.564
2.501
2.759
2.815
2.614
5.885
2.995
3.600
2.926
3.774
2.430
2.624
7.403
2.566
2.850
2.799
2.557
2.673
2.613
7.572
2.709
2.630
2.761
2.956
2.587
2.808
2.811
2.785
2.730
2.469
4.806
2.439
2.617
2.501
2.671
2.474
2.715
10.253
2.604
2.756
2.542
2.330
2.538
2.444
2.936
2.603
2.524
2.533
2.578
2.775
3.495
2.501
3.243
2.718
2.793
2.835
2.693
2.404
2.599
13.018
3.059
2.885
2.832
2.510
2.598
2.576
6.463
2.353
2.587
2.878
2.379
2.717
2.702
2.819
2.737
2.297
2.504
2.754
2.752
2.675
3.053
9.961
2.640
2.498
2.590
2.571
2.684
2.614
2.317
2.468
2.832
2.504
2.641
2.927
2.696
2.590
2.712
2.518
2.413
2.686
2.589
2.908
2.638
2.529
2.513
3.585
2.446
2.747
2.939
2.655
3.019
2.529
2.764
2.566
2.600
2.519
2.852
2.343
2.489
2.863
2.671
2.415
2.968
2.370
2.662
5.268
2.758
2.622
2.884
2.586
2.592
2.330
4.701
2.500
2.624
2.359
2.475
2.723
4.921
2.635
2.855
3.981
3.105
2.556
2.683
2.618
2.481
2.330
2.871
2.724
2.731
2.699
2.783
2.536
2.549
2.632
2.824
2.514
2.727
2.661
2.512
2.304
2.898
2.547
2.386
3.167
2.620
2.920
2.727
2.858
2.489
2.509
2.253
10.827
2.523
2.658
3.014
2.569
2.382
2.418
2.514
2.488
2.896
3.816
2.865
2.543
2.336
2.525
2.548
2.734
2.570
2.483
2.540
2.930
2.576
2.670
2.759
11.327
2.796
2.428
14.038
2.529
2.638
2.564
2.620
2.687
3.048
2.478
2.436
2.457
2.677
2.471
2.602
2.797
2.635
2.964
3.218
2.572
3.624
2.408
2.665
2.647
2.429
2.456
2.479
2.554
2.475
2.771
2.780
3.575
2.793
2.409
2.611
2.872
2.817
2.543
2.424
2.621
2.645
3.311
3.053
2.510
2.648
2.573
3.292
3.543
2.936
2.625
2.516
2.652
2.645
2.556
2.699
2.857
2.562
2.639
2.943
2.500
2.762
2.566
4.008
2.570
2.766
2.923
2.603
2.553
2.588
2.736
2.689
2.446
2.487
2.603
2.561
2.672
2.901
2.719
2.969
2.821
2.658
2.782
2.640
3.478
2.449
2.363
2.709
2.454
2.637
2.464
2.597
2.645
3.565
2.728
3.357
2.982
2.463
3.013
2.952
2.711
18.898
2.606
2.554
2.780
2.647
3.337
3.861
2.753
2.873
2.420
2.847
2.475
2.866
2.741
2.652
3.588
2.763
2.503
2.579
2.619
7.433
2.569
2.593
2.861
2.973
2.474
2.651
2.622
2.585
2.753
2.626
2.750
2.896
2.597
3.088
2.563
2.798
2.632
5.902
2.683
2.731
2.722
2.503
2.578
2.727
2.679
2.793
2.646
5.793
2.487
2.536
3.263
2.796
4.483
2.839
2.543
14.908
2.525
2.770
2.786
2.762
2.543
2.556
2.709
2.444
2.745
2.624
2.629
2.654
2.574
2.528
2.587
2.483
2.613
2.629
2.986
2.677
2.483
2.587
2.576
2.412
3.774
2.661
2.746
2.538
2.529
2.941
2.515
2.611
2.605
2.377
3.477
2.372
2.618
2.815
2.879
2.589
4.619
3.094
2.459
2.418
2.813
2.600
2.612
2.685
2.707
2.648
2.877
2.760
2.751
2.347
2.595
4.085
2.607
2.566
2.702
2.519
2.593
2.509
2.519
2.514
2.447
2.609
2.556
2.609
2.589
8.815
2.716
2.689
10.217
2.752
2.768
2.705
2.899
2.491
2.618
2.620
2.472
7.563
5.215
2.691
2.502
2.859
2.463
2.720
2.748
2.556
2.594
2.937
2.432
2.458
2.588
3.408
2.573
2.585
2.577
2.593
2.456
2.755
3.004
2.538
2.661
2.660
2.412
3.016
4.533
2.561
2.634
2.692
3.952
3.024
2.598
2.383
2.847
2.709
2.724
2.474
2.659
3.046
2.645
2.741
2.633
2.620
2.680
2.653
2.687
2.493
2.810
2.489
2.421
2.634
2.739
2.685
2.751
2.635
2.615
2.961
3.003
3.390
2.775
3.064
2.627
2.893
2.771
2.505
2.761
4.743
2.649
2.832
2.599
2.622
2.705
4.288
2.784
2.827
2.440
2.779
2.645
2.483
2.553
2.699
2.491
2.744
2.435
2.714
3.247
2.849
2.662
2.687
2.552
2.592
2.530
2.477
2.717
2.808
2.603
3.583
2.872
2.564
5.671
2.873
2.931
2.990
2.888
2.492
2.728
2.478
3.111
4.542
2.549
2.633
5.905
2.864
2.691
2.629
2.464
2.575
2.802
2.474
2.765
2.607
2.295
2.685
2.319
2.963
2.416
2.626
2.757
2.514
2.751
2.761
2.893
2.790
2.742
2.655
2.707
2.586
2.363
2.648
2.717
2.511
2.607
2.705
3.039
2.723
2.399
2.526
2.703
3.002
2.397
3.222
2.835
2.725
2.366
2.711
2.553
4.050
3.161
2.615
2.691
2.628
2.530
2.376
2.730
2.591
2.495
2.772
2.577
2.665
13.007
2.573
2.707
2.771
2.468
2.640
2.728
2.862
4.653
2.501
2.622
2.796
2.585
2.969
2.792
2.712
2.821
2.867
2.996
2.525
2.764
6.354
2.778
4.312
2.603
2.677
4.132
3.291
2.665
2.627
2.581
2.532
2.648
2.595
2.717
2.582
2.568
2.495
2.723
2.484
3.388
2.711
2.668
2.550
6.474
2.556
2.580
2.449
2.708
4.585
2.573
2.470
3.405
3.916
6.490
2.668
2.403
2.517
3.380
2.555
2.790
2.643
2.600
2.589
2.730
2.421
2.807
2.649
3.046
2.564
2.794
2.796
5.814
2.590
2.541
2.658
2.745
3.085
2.638
2.608
3.580
2.502
2.362
2.397
2.588
4.048
2.784
2.770
2.922
2.552
2.777
2.557
2.705
2.547
2.858
2.790
2.813
2.605
2.497
2.815
2.867
2.614
2.509
2.572
4.396
2.624
2.775
2.557
2.336
2.608
2.617
3.267
2.724
2.409
2.638
3.166
2.467
2.750
2.616
2.679
2.483
2.808
2.629
2.753
2.475
2.660
2.823
3.135
2.652
2.855
2.937
2.470
2.471
2.357
2.713
2.621
2.270
2.560
2.503
2.554
3.129
2.426
2.436
2.659
2.418
2.904
2.549
2.533
2.677
2.891
2.737
2.711
2.372
3.414
2.647
2.722
2.590
2.668
2.465
2.572
2.594
2.588
2.449
2.603
3.495
2.422
2.782
2.780
2.318
2.639
2.718
2.777
4.226
13.723
2.862
2.556
3.127
7.874
2.513
2.739
2.584
2.414
2.602
2.615
6.446
2.579
2.683
2.562
2.700
2.672
2.873
2.558
2.625
2.615
3.244
2.484
11.181
3.711
2.603
2.936
2.711
2.513
2.637
2.583
2.529
2.530
7.232
2.998
2.605
3.397
2.622
2.535
6.680
2.530
4.683
2.593
2.586
2.313
2.790
2.428
2.840
3.583
2.302
2.711
2.343
2.544
2.621
2.586
2.672
2.754
2.550
2.575
2.558
2.615
2.595
2.443
4.675
2.732
2.377
10.238
2.711
2.686
4.897
2.579
2.623
2.778
2.518
2.644
2.525
2.612
6.827
2.796
2.728
4.940
2.396
3.776
2.656
2.751
2.728
2.781
2.466
2.738
2.514
2.657
2.916
2.655
2.537
2.589
3.417
2.704
2.631
2.663
2.529
2.916
2.535
2.759
2.606
2.696
2.496
2.623
2.597
2.705
2.701
2.855
2.682
4.134
2.403
2.411
2.679
2.720
2.649
2.796
2.872
2.679
2.674
2.561
2.580
2.873
2.642
2.905
2.424
2.289
2.863
5.404
2.704
2.713
2.443
2.494
2.617
2.675
2.569
3.934
2.595
2.361
2.688
2.775
2.529
2.923
3.623
4.961
4.886
5.199
2.438
2.722
2.489
2.581
2.443
2.699
2.618
2.622
2.725
2.566
2.549
2.586
2.456
2.907
2.428
2.457
2.570
2.621
2.645
2.948
2.740
2.346
2.549
2.759
2.659
2.775
2.856
2.510
2.371
2.609
2.673
2.593
2.806
2.523
2.716
3.356
2.766
4.494
2.597
2.849
2.625
3.762
9.460
3.588
2.564
2.529
2.411
3.009
2.943
2.433
2.500
2.714
2.954
2.568
2.609
2.751
2.817
2.657
2.406
3.012
5.037
2.480
2.489
2.662
5.309
2.362
2.445
2.506
2.483
2.467
2.702
3.237
2.549
2.469
2.930
2.846
2.807
2.644
2.490
2.800
3.098
2.524
2.672
6.674
8.741
4.052
2.612
6.166
2.806
2.749
2.615
2.596
2.452
2.838
2.616
2.498
2.709
2.810
9.291
2.932
2.823
25.674
2.509
4.971
2.678
2.614
2.814
3.073
2.570
2.753
2.641
2.584
2.650
2.710
2.770
2.542
2.674
2.603
2.500
2.525
2.580
2.943
2.898
2.459
2.972
2.614
9.062
2.902
2.422
2.533
4.610
2.465
2.644
2.806
4.888
2.657
2.505
2.666
2.645
2.949
2.610
11.663
2.797
2.432
2.875
2.735
6.270
2.865
2.644
2.665
2.709
2.944
2.858
2.373
2.771
3.260
2.636
2.653
2.615
2.757
2.538
2.678
2.629
2.565
2.765
2.735
2.695
2.667
4.573
2.703
5.589
2.597
2.552
2.420
2.860
2.705
2.473
4.103
2.497
2.877
2.851
2.762
5.349
2.620
2.836
2.578
2.679
2.471
2.646
2.991
2.773
2.741
2.727
3.802
2.503
2.521
2.782
2.749
2.526
2.892
2.495
19.765
4.136
2.619
3.888
2.714
30.184
2.714
4.445
2.567
2.539
2.719
2.675
2.384
2.519
2.653
2.619
2.675
2.409
2.369
3.986
2.572
3.071
3.041
2.436
4.663
2.587
2.862
2.447
2.636
2.729
11.528
2.524
2.609
2.485
2.408
2.501
4.067
2.499
6.784
2.868
2.736
2.511
2.417
2.642
4.224
4.339
2.740
2.942
2.744
6.440
2.471
2.651
2.520
4.531
3.280
3.625
2.630
3.792
2.573
2.315
2.390
2.776
3.454
3.945
2.964
2.672
3.635
2.609
2.735
2.562
5.107
2.862
2.280
2.534
2.754
3.955
2.593
2.658
2.596
2.582
2.653
3.870
2.571
2.615
3.406
13.042
2.472
2.500
2.716
2.473
3.275
2.684
2.674
2.806
2.555
2.605
2.389
2.702
2.746
2.397
2.575
2.511
4.300
2.408
5.552
2.751
2.431
2.595
2.903
2.682
2.673
3.149
5.111
2.752
11.224
2.698
2.842
2.712
3.189
3.740
3.493
2.480
2.646
3.189
2.797
2.524
4.967
2.508
2.584
2.519
2.764
2.752
2.949
2.786
2.813
2.781
2.745
6.390
3.036
2.771
2.947
5.064
2.609
5.323
4.621
2.954
2.532
2.467
2.613
2.497
2.666
2.545
2.671
2.664
2.954
2.522
3.429
2.725
16.893
2.702
2.502
2.539
2.672
2.612
2.436
2.664
2.664
3.381
4.443
2.615
6.333
2.473
3.054
2.518
6.578
2.510
6.618
3.161
2.807
2.447
2.368
2.579
3.626
3.135
2.548
8.922
4.568
2.688
2.555
2.721
3.130
2.796
2.675
2.542
3.045
2.616
2.472
2.833
2.609
2.727
3.478
2.676
3.096
2.820
4.583
2.489
3.758
2.554
8.317
2.602
2.790
2.685
2.733
2.749
2.718
4.090
2.609
2.518
2.593
2.828
25.099
2.574
2.759
3.380
2.803
2.789
2.541
2.757
3.110
2.567
2.694
2.522
2.659
2.462
2.693
2.798
2.871
2.566
2.992
2.597
2.527
2.667
2.416
2.462
2.633
2.301
2.721
2.842
2.685
2.632
2.566
2.787
2.741
2.609
2.667
2.688
2.651
2.523
2.573
2.838
2.597
17.665
2.978
5.563
2.653
2.620
2.662
3.227
2.739
2.599
4.340
2.566
2.842
2.448
2.690
2.712
2.321
2.827
2.536
2.854
2.526
2.905
4.048
3.885
2.889
2.815
2.705
2.388
2.923
2.583
12.843
2.762
2.545
2.716
2.873
2.644
2.366
2.566
2.731
3.254
3.006
3.508
2.684
2.511
2.394
2.779
2.505
2.633
2.518
2.548
2.740
2.595
4.407
2.279
2.748
2.467
25.591
2.720
2.562
2.611
2.963
2.739
2.515
2.574
2.611
2.592
2.804
3.024
3.333
2.537
2.613
2.425
2.503
2.405
12.874
2.520
2.724
2.533
4.139
2.527
2.578
2.662
2.608
2.587
2.602
2.854
2.270
2.339
2.816
2.791
2.553
2.932
2.483
2.701
2.583
2.628
2.674
2.699
10.155
2.709
2.765
2.692
6.899
3.861
2.525
4.121
2.542
2.393
2.781
2.386
2.402
3.022
2.606
2.658
2.407
2.533
2.546
8.687
3.648
2.630
2.977
2.911
2.803
2.689
2.814
2.658
2.485
2.591
2.500
2.967
2.677
5.648
2.782
2.674
6.538
3.122
2.525
2.616
2.761
10.491
2.754
2.551
5.649
2.916
2.662
2.630
2.450
2.881
2.620
2.513
2.655
2.493
2.421
2.406
2.506
2.555
2.663
2.480
2.778
2.699
2.666
2.439
2.613
2.679
2.599
3.621
2.582
2.656
2.544
2.793
2.783
2.791
2.513
2.653
2.487
2.869
3.076
4.030
3.525
3.187
2.436
2.661
2.368
2.750
2.655
2.543
2.416
2.565
2.603
2.587
2.945
2.613
17.323
2.573
2.529
2.515
2.911
2.852
4.401
3.484
2.568
2.880
2.639
2.456
2.643
2.878
2.755
2.923
2.338
2.487
2.806
2.402
2.556
2.636
2.608
2.719
2.630
2.624
2.565
2.586
3.336
2.638
2.434
2.992
2.499
2.796
2.635
2.967
2.620
3.655
2.698
2.820
11.633
2.502
2.537
7.947
3.526
2.602
3.248
2.469
3.146
2.727
2.803
2.647
2.486
2.483
2.661
2.729
2.570
3.701
2.356
2.736
2.610
3.603
2.287
2.498
2.520
2.723
2.742
2.866
2.607
2.483
4.861
2.449
2.663
3.029
2.758
2.610
2.589
2.522
2.825
2.626
4.304
4.860
3.000
2.997
2.706
2.431
10.894
2.677
2.592
2.435
2.639
2.450
2.605
2.467
3.379
2.720
2.621
2.710
2.880
2.605
2.795
2.568
3.066
2.500
2.486
2.804
2.445
2.749
2.680
2.517
2.597
2.858
2.670
2.633
21.866
2.903
2.763
2.511
2.829
2.552
2.553
6.180
2.776
3.491
2.583
2.423
4.592
2.865
2.746
2.769
3.294
2.958
2.970
2.379
2.313
2.791
2.637
3.035
2.653
2.593
2.716
2.710
2.575
2.669
2.639
2.591
8.783
2.682
2.732
2.633
2.800
2.868
2.732
2.970
2.529
2.410
2.956
3.329
2.838
2.526
2.737
2.653
2.379
2.617
3.695
2.554
2.626
3.079
2.785
4.099
8.371
2.892
2.665
2.628
2.542
10.951
9.139
2.917
2.693
2.783
2.657
3.097
2.636
2.534
2.436
2.835
69.474
2.589
6.919
5.501
2.422
26.212
3.014
9.244
2.513
4.413
2.549
2.713
2.745
2.337
2.711
2.469
2.708
2.686
4.066
2.608
2.529
3.027
2.680
6.255
2.678
2.743
2.826
3.868
2.803
2.586
4.085
2.811
2.961
10.847
2.425
2.557
2.999
14.089
10.544
2.347
15.405
2.391
2.460
5.948
3.093
2.601
6.865
2.748
2.734
3.055
2.577
2.772
2.468
2.511
2.471
3.723
3.209
2.589
2.703
2.501
2.604
2.847
2.652
2.925
2.728
2.573
2.586
2.657
2.335
2.600
5.838
3.711
2.621
3.480
2.847
2.534
2.400
6.339
2.497
3.146
2.304
2.642
2.918
2.846
2.545
2.819
3.401
7.966
2.447
2.739
4.287
2.489
2.565
2.847
6.443
2.698
2.856
2.891
2.341
2.545
2.283
9.451
2.560
6.652
2.551
2.542
2.636
2.838
2.802
2.640
2.846
4.124
2.717
2.638
3.196
4.770
2.591
2.664
3.161
2.563
2.664
2.773
2.470
2.499
2.825
2.586
2.577
2.636
5.828
3.592
2.675
2.863
2.719
2.619
3.213
2.783
2.833
2.872
2.794
2.992
9.674
2.641
10.505
2.687
2.542
2.689
2.411
2.533
6.820
12.409
2.796
7.730
2.925
2.738
2.542
2.850
2.526
2.417
3.809
20.444
2.451
2.880
2.825
2.660
2.493
2.613
3.027
2.456
2.899
2.560
4.744
2.773
2.594
2.848
2.639
2.685
2.562
2.406
2.982
2.553
2.831
2.576
2.697
2.489
2.567
2.478
3.000
2.675
2.445
2.600
2.613
2.516
3.299
2.425
2.697
2.438
2.758
2.481
2.800
2.511
2.448
2.702
2.476
2.536
2.767
2.490
3.020
2.478
2.797
2.436
2.876
2.512
2.967
2.787
2.854
2.576
3.580
6.086
2.499
2.544
3.866
2.930
2.557
2.576
2.610
3.640
2.462
2.812
2.602
3.482
2.813
2.642
5.416
2.502
4.703
2.578
3.269
5.694
2.445
2.569
2.763
2.766
21.154
2.651
2.596
2.736
2.576
2.973
2.534
2.585
2.531
2.579
2.561
2.430
2.396
2.668
2.519
2.721
2.571
5.373
2.611
2.521
2.645
2.707
2.563
4.800
2.768
2.646
2.765
2.605
13.710
2.715
2.488
2.712
2.894
6.163
2.592
2.456
2.639
2.941
2.432
2.922
2.765
2.567
3.059
2.721
6.543
2.794
2.474
2.463
2.578
4.263
2.558
2.779
2.625
3.668
2.608
4.316
2.402
2.716
3.076
2.769
2.459
2.569
2.588
6.627
8.735
2.562
2.565
2.689
2.482
2.573
2.895
3.004
3.907
2.721
2.735
2.705
2.302
2.600
2.613
4.698
2.512
2.778
3.171
2.723
2.660
2.513
22.799
2.792
10.093
2.658
2.684
2.790
2.694
2.848
2.707
2.820
2.594
2.875
2.643
2.571
2.584
2.558
2.866
2.927
2.722
9.425
2.423
2.371
2.499
2.663
2.667
3.391
3.087
2.957
2.576
2.660
2.627
2.274
2.647
2.852
2.388
2.618
2.593
2.643
2.685
2.733
2.612
3.031
13.818
2.780
2.730
4.316
2.723
2.604
2.621
2.695
2.618
2.593
2.558
2.600
2.873
2.671
2.448
2.748
4.695
23.767
2.684
2.524
2.700
2.627
2.772
2.745
4.519
2.917
2.797
2.586
2.608
3.192
3.262
2.435
2.750
4.407
2.806
2.450
2.828
2.569
2.411
2.509
2.613
2.594
3.035
6.313
2.516
2.614
2.560
2.612
2.854
2.547
2.595
2.717
2.534
3.165
2.462
3.899
2.839
3.912
2.331
2.521
7.546
2.816
2.658
2.544
2.929
11.230
9.586
2.772
3.285
6.634
2.681
2.910
4.757
2.501
2.393
3.538
5.388
3.380
2.565
4.638
14.143
2.703
2.759
3.140
2.383
2.670
2.776
2.914
3.080
2.898
2.678
2.446
2.542
2.652
2.339
2.567
2.588
2.728
2.291
2.530
2.495
2.546
5.595
2.833
2.593
2.818
2.513
2.624
2.783
2.852
3.794
2.693
2.597
2.958
2.306
5.165
2.492
2.646
2.598
2.733
2.987
2.475
2.506
2.859
2.425
3.010
2.517
2.841
2.802
2.348
2.616
3.032
2.658
2.651
2.541
2.793
2.530
6.842
2.525
2.494
3.094
2.375
2.569
2.718
2.583
2.340
2.882
2.444
2.516
2.847
2.512
3.233
2.524
2.515
6.297
2.560
4.988
2.587
2.487
2.516
2.648
2.657
3.995
2.710
2.531
2.594
2.406
2.829
2.637
3.429
2.796
3.156
2.928
2.725
2.435
2.736
2.796
6.036
2.687
2.845
3.601
2.999
2.654
8.947
2.363
2.424
2.610
2.633
5.580
2.960
6.934
10.631
2.647
2.852
4.707
2.695
2.833
2.326
15.615
2.539
2.793
2.643
2.470
2.709
3.046
7.004
5.321
2.715
2.494
2.572
2.643
2.466
2.454
2.477
4.361
4.580
6.369
2.576
5.689
2.461
2.599
2.612
2.561
2.489
3.657
2.498
2.753
2.380
2.679
2.614
2.521
2.413
3.289
2.629
2.558
2.604
2.789
2.584
18.678
2.339
2.775
2.596
2.499
2.462
2.481
2.962
2.402
2.519
2.716
2.943
2.940
2.685
2.635
3.182
6.027
2.574
3.443
2.749
2.616
2.514
2.558
2.773
2.501
2.631
3.142
13.891
2.781
3.082
3.511
2.391
2.569
2.526
2.545
2.590
2.539
3.930
3.481
2.627
2.483
2.773
2.925
2.737
3.250
2.673
2.434
2.883
2.416
2.775
5.899
2.786
2.614
3.009
2.641
2.667
4.531
2.443
20.239
2.611
2.740
2.878
3.401
2.653
14.710
2.650
2.779
2.620
2.866
2.730
2.701
2.638
2.860
2.734
2.469
3.652
4.143
2.622
2.578
2.408
2.938
5.837
2.416
2.751
2.551
5.884
2.725
4.632
3.229
2.545
2.486
2.529
2.418
2.486
2.495
2.642
2.628
2.671
3.045
2.639
2.533
2.728
2.515
2.635
4.015
2.523
2.546
2.461
2.740
2.713
2.725
2.717
2.739
2.521
2.513
2.506
2.670
5.429
2.720
2.593
2.690
2.429
2.573
6.565
2.565
2.588
2.755
2.722
3.455
2.513
2.221
2.433
2.843
2.784
2.827
3.539
3.064
2.344
2.524
2.715
2.582
2.725
2.532
14.018
2.724
2.559
2.603
2.607
2.462
2.895
4.253
2.510
2.937
2.835
2.744
2.895
4.108
2.572
2.498
3.429
11.045
8.096
2.457
5.292
2.622
2.620
2.540
2.528
29.205
4.608
2.402
2.691
2.475
2.754
2.823
2.635
2.658
2.622
2.807
2.691
2.747
2.663
2.927
2.716
2.612
7.427
5.174
2.815
2.532
4.247
2.679
3.706
2.616
2.587
2.605
2.410
2.657
2.640
2.975
2.969
2.781
2.538
2.736
2.503
2.685
2.536
3.394
2.685
3.389
5.868
2.782
2.673
3.061
2.550
2.579
2.764
2.430
2.692
2.611
2.605
2.755
2.521
2.455
2.675
2.555
2.762
2.531
2.589
2.443
2.481
2.653
6.219
2.434
2.611
3.687
2.724
2.688
2.602
2.401
2.520
2.631
2.716
2.386
2.504
2.712
2.426
2.519
2.587
2.632
5.152
4.790
2.990
3.144
2.931
2.635
3.266
6.179
2.811
6.549
2.855
2.399
2.672
9.432
2.924
2.631
4.008
2.705
2.733
2.999
2.588
2.750
2.740
2.548
2.510
2.733
2.639
2.427
2.398
2.585
2.697
2.538
11.866
2.519
2.671
2.750
7.961
2.697
2.667
2.508
2.805
2.649
2.495
7.080
2.429
2.675
2.791
2.611
2.472
2.786
2.593
2.709
2.706
2.700
2.712
2.586
2.602
3.141
3.549
2.714
3.520
3.037
2.605
2.765
2.862
2.647
2.672
2.719
2.806
2.608
2.728
2.566
3.249
3.089
2.758
2.788
2.621
2.441
3.639
3.127
2.580
2.385
2.625
2.715
2.768
2.931
9.862
2.784
2.820
6.296
2.780
2.538
2.563
3.767
2.661
2.694
3.281
2.625
2.751
2.505
2.458
2.720
6.519
6.477
3.059
2.427
2.321
2.437
2.719
3.362
2.599
2.769
2.778
2.551
2.786
2.798
4.387
2.779
2.619
2.617
3.726
2.396
3.170
2.670
2.394
2.606
2.486
6.868
2.624
2.512
6.802
2.603
2.632
9.819
2.723
3.258
2.599
2.423
2.507
6.764
2.718
4.143
2.723
2.967
2.798
2.396
2.896
2.652
2.373
2.668
2.730
2.706
2.556
2.684
2.492
2.363
2.877
2.678
3.065
2.638
2.587
2.520
2.652
19.423
2.569
2.538
2.530
2.664
5.631
2.520
3.055
2.499
3.473
2.604
3.045
2.503
2.651
2.365
2.660
2.743
11.968
2.496
3.117
2.682
2.715
2.403
2.959
2.777
2.817
5.461
2.821
2.885
3.018
2.829
2.776
2.798
6.229
2.741
2.541
2.597
2.439
2.542
4.767
2.534
3.118
2.862
2.786
2.626
2.588
3.672
2.490
2.642
2.737
2.419
2.602
2.473
2.693
2.567
2.871
2.617
2.723
2.584
3.918
2.704
2.985
2.530
2.688
3.199
2.664
2.575
2.465
2.826
2.583
2.539
2.495
2.759
2.665
3.107
2.510
2.587
2.510
2.484
2.527
2.707
2.567
2.807
2.655
2.444
2.677
2.508
3.027
2.725
3.425
2.893
2.484
2.682
2.773
2.876
2.664
2.598
2.463
2.837
2.977
2.784
2.553
3.024
2.665
2.603
2.760
2.597
2.762
2.417
2.755
2.725
2.824
2.597
2.468
2.662
2.739
2.368
2.862
2.504
2.646
2.564
2.917
2.932
2.631
2.737
2.597
2.694
2.479
2.626
2.612
2.793
2.391
2.595
2.672
2.683
2.779
2.314
2.796
2.587
2.655
2.602
2.742
2.746
2.762
2.766
2.667
2.514
2.678
2.560
2.505
2.662
3.872
2.601
2.629
2.482
2.537
2.510
2.854
2.825
2.456
2.351
2.521
2.669
2.469
2.327
4.340
5.102
2.620
2.577
2.607
2.627
2.832
2.567
4.304
2.756
2.989
2.529
2.528
2.698
2.817
2.669
2.395
2.610
2.588
2.742
2.720
2.494
2.610
2.772
2.723
2.654
2.686
2.633
2.404
2.378
2.591
3.237
3.536
3.032
4.112
2.770
2.673
2.977
2.486
5.208
2.559
2.630
6.526
2.463
2.639
2.706
2.572
2.801
2.513
2.770
2.498
2.729
2.759
2.380
2.885
2.504
2.551
2.760
2.435
2.681
3.208
2.437
2.734
2.558
2.342
2.714
2.537
2.819
3.196
2.449
2.547
2.777
2.653
2.638
2.795
2.552
2.567
2.892
2.614
2.558
2.820
2.471
2.767
2.564
2.670
2.601
2.704
3.376
2.697
3.323
2.911
3.092
2.639
2.546
3.706
2.740
2.776
2.420
2.738
8.713
2.759
2.528
2.859
2.717
5.815
2.594
2.554
3.152
2.650
2.431
2.507
2.655
2.701
2.741
2.500
2.606
3.973
2.539
2.325
2.631
2.749
2.557
3.481
2.847
3.103
2.587
2.447
2.590
2.910
2.267
2.616
2.795
2.772
2.692
2.562
2.695
2.487
2.969
3.230
2.551
4.413
2.485
2.979
2.826
2.544
2.433
2.743
2.600
2.523
2.478
3.718
3.915
2.500
2.884
2.503
16.442
2.862
2.466
2.755
2.543
2.804
2.384
2.637
2.558
3.540
2.626
2.553
2.943
2.557
2.658
2.922
4.134
2.702
2.699
2.378
2.660
2.439
2.792
2.780
2.618
2.614
2.594
2.559
2.802
2.573
2.479
2.733
2.449
2.514
4.090
5.779
3.069
2.975
2.509
2.621
2.669
3.952
2.340
2.553
2.684
2.638
2.707
2.732
2.684
2.785
2.569
2.509
2.451
2.494
2.920
2.490
2.477
2.823
2.430
2.569
2.653
7.465
2.689
2.427
9.893
2.491
2.892
2.550
2.662
2.612
3.411
2.377
2.449
2.648
2.543
2.915
2.436
2.615
2.682
2.665
3.908
2.629
4.461
2.803
3.782
2.720
2.548
4.772
2.428
2.668
2.554
2.784
2.694
2.596
2.335
2.586
2.644
13.958
2.827
3.054
2.664
2.656
2.617
2.861
2.594
2.758
3.031
2.379
6.567
2.623
3.270
2.473
2.559
2.529
2.499
2.850
2.534
2.696
3.174
2.727
2.606
2.754
2.532
2.517
2.523
2.714
2.856
2.598
2.580
2.388
2.619
2.591
7.078
2.410
2.418
2.751
2.646
2.580
2.526
2.856
2.902
2.400
2.436
2.525
2.895
2.972
2.393
2.390
2.662
4.296
2.464
10.446
5.994
2.321
2.738
2.503
3.764
2.521
2.447
2.767
2.738
2.893
2.684
2.700
2.433
2.832
2.600
2.914
2.753
2.679
2.603
2.983
4.201
2.480
3.039
2.497
3.009
2.397
2.532
2.678
2.625
2.910
2.628
2.797
3.193
2.749
2.758
2.872
3.018
2.716
2.740
2.787
2.629
2.701
2.457
2.519
2.656
2.694
2.804
2.611
2.433
2.701
2.788
9.100
2.771
2.889
2.765
2.597
2.567
2.555
2.495
2.754
2.643
2.782
2.636
2.654
2.569
2.611
3.158
3.331
3.074
3.401
2.586
2.946
2.692
2.747
2.605
2.572
5.538
2.614
3.588
13.173
2.617
2.763
2.666
2.746
2.594
2.680
2.773
2.866
2.517
2.562
2.689
2.702
2.501
2.609
2.446
16.048
2.604
2.775
2.678
3.078
2.664
2.682
2.607
3.052
2.846
2.555
2.793
2.465
2.545
2.736
2.846
2.779
2.503
2.558
2.845
2.565
2.428
2.527
2.723
2.415
2.563
6.557
2.693
10.665
2.546
2.837
4.413
3.536
2.512
2.723
2.594
2.773
2.601
2.775
2.295
3.106
2.687
2.865
3.799
3.232
2.708
2.713
2.522
3.871
2.660
2.658
2.596
2.834
2.830
2.731
2.891
2.553
2.597
2.476
3.036
2.387
2.572
2.731
4.776
2.624
2.278
15.297
3.347
5.467
2.366
6.551
4.972
6.759
3.602
2.695
2.768
2.606
2.666
2.646
3.991
2.541
12.234
6.069
7.468
3.476
2.738
2.441
2.720
2.669
2.501
2.462
2.588
3.210
2.550
3.001
2.817
2.705
2.682
2.376
2.805
2.595
2.536
2.592
2.709
2.334
2.870
12.131
2.594
2.478
2.453
4.113
2.739
2.723
3.134
2.639
3.195
2.386
2.544
2.601
2.390
2.375
2.944
4.183
2.869
2.632
2.908
2.836
2.520
2.689
2.776
4.046
2.661
2.665
2.510