4.155
0.755
4.220
0.859
4.143
1.211
0.912
5.532
4.157
1.395
5.953
1.872
4.961
1.098
1.055
0.877
3.941
0.800
4.078
4.153
4.219
1.132
1.166
4.502
4.053
0.945
4.234
4.414
4.247
0.847
0.777
7.574
4.050
1.303
4.103
4.695
29.328
1.065
1.670
4.353
3.880
1.115
4.075
4.036
1.222
4.198
4.307
1.136
4.164
0.858
5.428
1.104
2.001
3.851
4.090
0.903
5.721
1.072
4.007
0.967
1.114
9.783
4.211
0.829
4.119
1.116
4.010
1.290
4.397
1.075
4.047
4.240
4.257
1.209
4.112
1.180
16.465
0.925
4.464
3.974
5.679
0.907
4.055
0.999
5.167
0.908
4.204
4.404
4.193
0.926
4.319
4.131
1.024
1.115
4.061
3.996
4.143
1.158
4.555
0.820
1.467
1.127
1.039
4.026
4.140
1.039
4.430
4.198
1.070
1.940
0.889
4.162
4.047
1.007
4.335
4.440
0.905
0.815
1.049
7.377
4.199
0.953
4.290
4.345
0.845
0.859
1.209
4.929
4.007
5.084
4.259
4.060
2.733
0.995
1.066
4.280
4.084
1.187
4.233
4.079
1.109
1.116
1.012
0.838
0.857
4.154
4.180
4.208
1.180
4.346
4.275
0.892
4.100
1.020
0.678
1.149
4.076
0.997
4.246
0.933
4.167
0.852
1.186
3.320
4.016
8.011
3.980
0.964
4.415
1.049
1.113
1.042
4.243
0.905
4.042
1.048
4.075
0.980
0.848
5.241
4.040
1.521
4.295
1.119
4.242
1.287
0.950
4.107
1.103
4.715
0.950
1.118
4.252
1.001
1.129
4.256
1.142
3.905
1.069
1.107
0.855
0.957
4.309
4.125
33.358
4.027
1.177
1.111
1.012
1.746
7.036
4.251
4.329
4.098
4.116
1.110
0.980
1.228
4.194
4.110
4.050
9.768
4.063
0.779
1.093
0.962
5.682
4.121
5.017
4.045
3.932
1.416
0.918
1.085
4.287
4.040
4.165
4.252
4.397
1.046
0.955
22.279
4.142
3.870
4.092
4.011
4.116
0.968
1.120
0.850
4.157
3.891
4.018
4.242
5.144
0.994
0.934
4.408
3.972
0.875
4.048
4.168
4.377
0.799
0.845
4.841
4.212
1.131
4.593
3.966
4.384
1.065
0.937
4.688
4.183
0.927
4.207
4.116
4.333
1.042
0.930
4.558
4.188
2.255
4.364
4.863
4.238
1.146
4.144
3.049
4.373
4.001
4.047
4.044
1.190
1.013
4.389
4.997
1.077
4.134
4.037
4.173
1.159
1.043
4.090
3.755
1.016
4.189
4.107
4.501
1.108
0.949
3.956
4.281
1.157
3.920
4.025
3.844
1.065
1.134
4.865
4.192
0.967
4.195
4.411
3.870
1.237
2.574
4.056
4.436
1.224
4.205
5.053
2.907
4.322
0.878
7.791
1.269
3.994
5.465
0.823
1.185
4.118
1.508
4.081
0.755
4.169
4.254
1.106
1.030
4.014
0.999
3.843
0.995
4.274
4.184
1.033
0.914
4.227
1.219
4.087
1.197
4.326
4.123
0.920
1.420
4.188
0.988
4.056
1.228
4.133
4.053
1.364
1.086
2.589
4.228
0.983
1.228
0.961
1.122
4.581
4.339
3.842
4.003
4.259
0.900
0.886
1.243
4.191
4.055
4.077
5.590
4.106
1.304
0.869
0.875
4.542
7.492
4.185
3.821
4.489
1.145
1.123
0.970
3.920
4.095
4.258
4.245
3.961
0.983
1.191
1.034
4.085
3.965
4.491
6.970
14.534
1.564
1.168
1.140
4.222
4.164
4.687
4.152
4.514
4.003
1.053
0.776
4.294
0.956
0.904
0.968
4.243
5.835
0.886
1.116
4.192
1.305
3.954
1.121
3.985
4.172
1.033
0.917
4.250
0.980
1.180
1.132
4.116
4.348
0.878
0.946
4.279
1.569
0.919
0.987
4.263
4.377
1.154
4.429
4.270
4.665
4.175
4.429
1.072
5.074
1.093
5.004
10.281
4.059
1.014
1.068
1.177
4.117
1.005
0.950
2.557
4.101
1.272
0.897
1.144
4.062
0.888
1.283
1.213
4.102
0.759
1.056
1.048
4.898
1.208
1.423
0.973
4.225
1.011
1.168
2.200
4.043
0.995
1.616
0.930
4.184
0.784
1.800
4.057
7.197
4.001
4.272
4.696
4.823
4.542
4.304
1.494
0.892
4.217
4.502
0.790
3.943
4.237
4.140
1.043
1.005
4.187
4.284
1.222
3.979
4.919
4.014
1.310
0.979
4.138
4.343
0.967
4.322
4.058
4.062
0.896
0.842
4.410
4.244
1.135
4.078
4.159
4.101
0.973
1.042
4.142
4.057
1.270
3.889
1.096
4.135
4.065
0.917
1.916
1.185
4.451
4.491
1.284
8.463
4.228
1.190
1.153
1.064
4.093
4.200
1.395
4.159
4.271
1.045
0.897
0.937
3.908
4.148
0.969
4.188
3.966
1.327
0.853
1.073
4.158
4.146
1.205
3.955
4.326
1.086
1.311
1.126
4.122
4.311
0.966
4.120
4.069
3.822
0.842
7.182
4.053
9.526
4.206
1.269
1.377
0.950
1.371
0.851
4.039
4.065
4.578
1.196
1.700
1.016
1.113
1.131
4.189
4.175
4.008
1.011
2.075
1.400
0.831
1.149
4.103
3.965
4.069
0.974
0.936
1.095
1.000
1.129
4.206
4.379
4.582
0.950
1.148
1.078
0.923
1.084
4.210
4.220
1.034
4.250
0.806
1.074
4.151
4.463
0.958
1.368
1.216
4.177
1.156
1.168
4.209
4.102
1.151
1.083
1.289
4.204
0.981
0.945
4.118
4.422
1.111
0.882
0.995
4.176
1.042
0.869
4.012
3.887
1.062
1.184
0.984
4.087
0.992
1.337
4.778
4.068
0.978
0.755
1.285
4.056
0.811
0.915
3.990
1.008
4.103
1.556
4.187
4.127
1.028
0.915
1.070
7.825
4.137
1.355
3.856
1.150
0.902
1.102
4.368
1.961
1.287
1.322
0.976
1.345
1.583
1.077
4.125
0.957
10.070
1.108
1.012
1.033
1.461
1.014
4.056
1.110
2.962
1.098
1.144
1.057
1.149
1.035
4.031
0.933
4.483
0.944
1.024
1.038
4.313
4.198
4.057
0.950
3.932
4.099
4.192
4.515
0.815
3.962
4.370
1.073
5.925
4.153
4.193
4.359
1.208
4.105
7.532
1.759
3.929
4.463
4.086
4.240
0.909
4.255
4.123
1.029
3.864
4.182
4.061
4.375
0.990
4.115
4.075
1.183
4.013
4.112
4.186
6.658
0.953
5.826
5.459
1.647
4.270
1.114
1.103
4.063
3.963
4.036
4.040
4.196
1.576
11.866
1.245
13.874
4.389
5.027
4.024
4.237
2.602
1.353
1.017
1.027
4.214
4.011
4.063
4.093
0.934
1.042
7.407
0.973
4.496
4.106
4.031
3.919
0.950
0.963
0.998
1.004
4.178
4.261
4.924
3.870
0.808
1.274
1.329
1.033
4.295
12.611
4.651
4.077
0.900
1.093
0.869
1.243
1.347
12.589
1.004
1.233
0.846
1.080
4.038
4.478
0.734
0.987
0.953
1.041
13.354
2.042
0.949
4.250
5.927
4.308
1.006
0.901
1.129
1.119
0.969
4.044
4.066
4.165
1.071
5.031
1.162
1.037
0.923
5.237
11.831
4.189
1.104
1.201
0.815
1.151
1.205
10.684
4.022
4.138
1.289
1.085
0.686
0.927
1.203
5.778
4.323
4.360
0.740
1.168
1.138
0.883
1.543
1.152
0.913
3.917
1.201
1.531
4.219
4.052
1.533
0.828
1.022
4.206
1.248
2.282
4.267
6.784
0.991
1.343
0.882
4.118
1.174
0.990
4.174
4.273
0.862
1.143
8.383
4.315
1.227
0.781
4.466
4.363
1.356
0.919
1.054
5.092
1.117
0.750
4.002
4.330
4.153
3.997
4.457
1.199
4.415
1.137
4.039
0.953
3.912
4.212
4.087
1.038
4.420
1.056
4.150
3.952
3.988
3.978
1.381
4.112
0.969
0.777
0.894
4.225
4.122
3.964
1.158
4.204
1.356
4.267
0.966
1.034
1.117
4.705
1.077
4.317
1.073
4.316
1.014
0.986
1.184
3.994
1.083
4.057
1.030
4.114
0.992
1.147
0.910
4.161
0.992
4.480
1.208
4.257
1.101
1.396
0.934
4.248
1.207
4.818
1.122
4.195
0.928
7.790
1.271
4.148
0.997
4.023
0.849
4.082
1.032
3.885
0.933
0.875
4.055
4.309
4.068
4.223
1.006
4.242
1.344
1.147
5.195
4.323
4.332
6.565
1.063
4.082
1.003
1.591
4.527
4.046
4.022
4.149
1.442
4.333
4.206
3.789
0.930
4.052
0.862
1.283
4.322
1.236
0.897
4.007
7.409
1.030
4.214
0.962
4.211
0.874
1.304
6.266
4.176
1.119
4.275
1.419
5.377
0.903
1.066
3.938
4.352
0.839
4.247
37.752
4.155
1.206
3.526
3.975
3.930
0.784
4.233
1.073
4.237
0.873
0.973
4.017
4.805
0.996
4.182
0.808
0.953
4.105
4.064
4.349
0.906
4.095
3.932
1.190
4.112
1.178
1.338
5.026
4.243
0.898
5.021
0.931
3.901
1.131
1.825
4.124
5.147
1.346
4.130
1.212
4.247
6.541
1.462
4.283
4.047
1.558
4.156
0.847
4.553
2.995
1.381
4.314
4.061
1.552
4.268
1.321
5.859
0.920
7.001
5.104
0.899
1.161
1.378
4.321
4.238
1.173
0.959
0.920
4.343
8.159
0.844
3.966
4.271
0.957
1.313
1.243
4.166
1.061
0.907
4.108
4.265
0.955
1.272
1.051
4.233
7.657
1.086
5.653
4.169
1.034
1.320
2.960
6.631
0.905
11.861
4.557
4.313
1.061
2.117
0.993
4.186
1.017
1.491
0.839
0.997
4.086
4.436
0.999
1.159
4.013
4.540
1.173
1.115
4.146
3.997
1.119
1.137
4.367
4.554
0.943
4.172
0.914
4.177
4.146
4.401
1.110
4.114
4.621
5.041
0.866
4.156
4.278
3.952
1.240
4.038
7.462
5.665
5.009
3.989
4.116
4.890
1.144
4.041
4.179
4.167
0.793
4.289
4.562
4.086
1.166
4.035
4.188
8.277
0.936
1.001
4.185
1.903
4.103
4.982
1.337
1.093
1.073
1.167
4.346
4.504
4.411
4.357
1.194
1.064
1.287
1.019
0.835
5.056
4.183
3.932
0.945
0.832
2.520
3.316
0.974
4.352
4.081
4.059
0.999
1.157
0.943
5.952
1.089
5.500
4.285
4.229
0.997
5.861
4.613
4.176
4.454
1.135
4.099
0.873
1.551
4.523
1.020
4.068
3.827
0.869
4.019
4.288
0.847
8.143
0.882
4.003
4.144
1.051
4.212
0.998
0.975
4.310
0.840
10.269
4.627
0.929
4.008
0.813
1.018
4.023
1.319
4.234
3.944
0.751
5.596
5.561
1.156
4.999
1.095
4.051
4.694
1.139
4.025
4.055
4.267
11.265
4.230
4.226
4.070
0.963
1.183
1.070
1.093
1.238
4.392
4.189
4.243
1.007
1.113
1.027
2.667
1.041
3.989
4.444
5.373
0.939
1.220
1.448
2.039
1.160
4.020
4.234
4.883
3.124
1.948
1.109
0.759
0.835
3.981
4.259
4.397
0.956
1.058
1.317
1.149
2.664
4.225
8.120
4.191
1.095
0.989
1.368
0.922
4.241
1.161
0.816
4.580
4.894
4.249
9.788
4.112
4.009
1.070
1.138
4.059
4.120
3.901
0.956
4.036
3.903
4.280
1.343
4.140
0.915
12.497
5.780
1.205
1.031
9.161
4.181
0.897
5.596
1.133
3.897
0.836
1.225
6.177
3.970
0.906
4.244
0.985
4.141
0.989
6.571
0.816
5.289
1.264
1.275
4.270
1.022
4.182
1.082
4.232
2.835
4.512
1.030
4.771
1.081
4.210
1.184
4.064
3.991
4.591
3.920
1.095
1.139
1.143
0.874
6.488
4.116
4.126
4.149
1.094
1.037
0.782
1.036
4.364
4.179
4.447
4.212
1.660
0.897
1.024
1.164
4.352
4.204
4.057
4.344
1.019
1.032
1.071
0.835
4.280
4.433
1.341
0.966
3.521
2.225
0.914
4.031
3.951
4.196
1.217
3.163
2.449
0.931
1.002
4.238
4.774
4.248
1.113
4.265
1.123
4.312
1.012
4.108
4.140
4.008
1.019
0.788
2.525
3.972
1.009
3.975
11.035
4.332
1.192
1.011
1.185
4.380
1.181
5.669
4.205
4.297
1.207
10.809
1.035
4.145
0.991
0.950
2.304
1.292
4.384
16.238
1.017
4.226
7.446
0.848
0.900
2.528
3.959
1.212
0.885
3.932
4.116
1.000
1.176
1.125
0.785
4.296
2.852
1.317
4.361
4.101
1.588
1.024
0.973
4.195
0.906
2.167
4.079
4.261
0.963
0.870
1.151
4.235
2.203
1.017
8.485
4.275
1.536
1.222
1.044
4.040
0.980
1.301
4.322
4.328
1.155
4.581
0.977
3.899
1.387
1.285
4.143
4.152
0.907
4.294
1.117
4.187
0.974
1.242
3.914
3.909
0.944
4.215
1.015
4.232
1.008
1.020
4.372
1.051
4.263
4.441
3.901
2.632
4.074
4.128
4.245
0.969
4.080
4.252
4.165
2.861
4.181
4.102
4.178
1.377
4.452
4.692
4.067
1.992
3.930
4.125
4.312
1.099
4.091
4.420
4.770
1.225
4.163
4.114
4.050
0.982
4.319
3.944
3.937
0.881
4.058
5.676
4.264
1.086
4.299
4.015
23.115
4.448
4.290
4.417
4.532
0.912
0.841
4.606
1.701
4.400
5.841
4.187
4.175
1.148
1.490
5.110
1.025
4.171
4.288
4.216
5.710
0.855
2.068
3.968
1.181
4.260
4.131
4.035
1.100
4.148
1.930
4.483
6.222
4.808
22.765
4.250
8.244
4.173
1.186
4.056
1.018
4.292
4.007
4.377
1.128
4.042
1.382
4.402
0.893
4.059
4.000
4.969
0.829
4.289
0.931
4.234
1.331
4.128
4.798
3.955
4.101
3.683
4.112
1.097
1.417
1.069
1.227
4.163
3.842
1.196
4.125
0.841
17.989
4.269
0.881
4.133
4.159
4.062
1.108
1.136
5.810
4.188
1.093
2.489
4.017
4.047
0.972
5.517
4.108
4.243
1.147
1.474
4.123
3.988
2.590
1.308
3.922
4.356
3.752
1.713
4.267
4.293
5.205
1.272
4.298
4.320
15.469
1.210
1.087
3.822
1.721
1.004
1.535
0.906
0.925
0.853
4.232
1.036
4.464
4.381
0.907
1.016
1.001
1.039
5.013
1.096
4.349
4.171
1.029
1.435
0.890
7.630
4.343
1.508
10.225
4.088
5.194
1.443
0.820
1.044
3.992
1.111
4.163
6.878
0.983
1.356
0.955
0.964
4.822
0.871
4.116
4.399
1.206
1.011
0.866
1.030
4.093
1.092
4.204
1.143
4.204
1.036
4.051
4.655
4.160
0.885
1.252
0.957
4.099
4.133
0.961
4.530
5.610
1.338
3.636
1.134
4.240
4.280
0.935
4.793
4.303
1.265
0.794
1.179
4.272
4.243
1.224
3.954
4.205
1.051
1.030
1.085
4.241
5.965
1.035
4.931
4.141
1.030
1.048
1.063
4.158
4.232
1.877
0.997
4.088
1.039
1.099
1.143
0.961
1.283
0.919
6.576
11.833
1.732
1.147
1.465
1.025
1.099
1.161
4.147
4.273
0.915
2.664
1.160
1.230
0.903
5.334
4.078
4.133
1.072
1.100
0.988
1.169
0.935
1.250
4.178
4.098
0.949
1.286
1.024
1.002
0.995
0.878
21.279
3.916
0.952
1.348
3.478
0.950
11.283
0.843
4.375
0.875
4.118
4.289
1.166
3.953
1.426
11.292
4.196
1.291
4.293
4.128
1.314
5.238
1.106
4.189
4.812
0.891
4.503
5.787
1.130
4.220
1.049
4.025
5.183
1.036
11.884
4.332
2.651
4.079
0.988
4.324
4.106
0.937
4.085
4.085
1.090
3.931
1.040
13.629
4.517
0.887
3.983
1.200
6.115
4.355
0.842
0.928
4.138
4.117
4.203
1.007
0.962
4.375
1.367
0.903
4.079
4.448
4.065
0.953
1.586
4.480
3.308
1.406
4.505
5.353
22.960
0.964
5.153
4.220
0.869
0.873
4.825
4.147
4.619
0.971
0.953
4.178
0.962
1.084
4.104
4.318
15.777
0.873
1.025
4.520
4.602
4.061
4.375
1.685
4.054
4.216
4.546
10.171
3.993
1.006
4.272
0.987
1.153
13.076
4.261
3.896
4.077
1.082
4.021
1.119
1.006
4.041
4.109
4.021
4.293
3.793
18.050
1.238
1.023
4.006
4.053
4.230
4.403
2.691
4.072
1.158
4.805
4.149
4.064
5.115
4.159
1.357
1.197
0.798
3.237
4.062
0.869
4.243
0.947
4.331
1.158
2.242
1.038
3.925
3.928
0.814
4.187
4.023
1.293
1.036
0.827
4.075
3.933
0.844
4.305
4.226
0.770
0.907
1.049
6.659
4.252
3.455
4.023
3.978
0.979
0.843
0.845
4.114
5.194
1.064
4.020
4.109
0.956
0.931
0.959
6.046
4.097
1.055
4.086
4.445
1.151
0.954
6.330
2.996
0.773
0.914
1.098
3.929
4.007
15.211
4.142
1.209
1.115
0.972
1.096
4.625
4.428
1.017
4.271
1.044
5.282
0.899
0.899
3.996
4.286
0.983
4.022
1.218
0.944
1.365
0.888
3.986
4.093
1.004
3.851
0.954
0.783
1.065
1.723
3.908
3.913
4.140
4.095
4.252
1.180
1.174
1.256
1.335
6.728
1.412
1.018
4.224
4.207
1.027
6.113
4.040
0.939
1.249
1.241
4.182
4.037
1.070
4.196
4.177
1.496
1.554
1.379
4.191
4.162
1.083
6.669
4.170
0.860
1.645
1.453
4.120
4.116
5.033
4.670
3.989
1.295
1.235
0.954
4.333
4.436
0.924
4.588
3.957
1.039
0.882
0.973
4.177
4.008
1.413
4.169
4.441
1.112
1.340
0.783
4.126
0.738
5.429
1.211
0.993
0.881
1.080
1.236
1.327
5.494
5.692
0.790
0.921
1.085
1.053
0.945
1.193
4.395
4.036
1.061
0.953
1.052
0.906
0.885
1.074
11.566
4.245
1.008
1.212
0.939
1.164
0.767
5.190
4.115
4.125
4.680
1.003
0.904
4.460
4.236
4.516
4.096
4.151
1.028
0.861
0.995
4.529
3.929
4.254
0.942
1.021
2.538
4.044
1.051
3.936
4.109
4.071
1.275
1.226
1.036
4.185
1.154
3.970
4.519
6.994
1.111
1.021
1.447
3.944
0.995
4.326
4.211
4.135
1.091
0.984
0.963
4.013
1.035
4.030
4.137
4.131
1.061
1.276
1.122
4.324
1.669
4.375
3.848
4.064
1.188
0.942
1.114
4.270
0.887
1.227
4.274
1.188
4.130
2.061
0.863
1.116
4.064
4.045
4.173
1.360
5.122
1.058
3.308
1.859
4.023
4.033
4.253
1.010
4.714
0.968
0.920
0.871
3.970
4.276
4.108
0.814
4.662
0.880
1.003
3.428
3.976
4.083
4.543
0.938
5.945
0.757
4.055
1.264
3.985
4.077
1.125
0.970
1.042
4.384
4.517
0.958
0.854
4.129
1.114
2.629
0.719
4.226
4.360
0.997
1.146
11.257
0.993
0.941
0.906
4.204
4.001
9.349
0.761
4.193
1.266
1.373
1.032
4.295
4.168
0.975
5.826
4.117
1.217
2.228
1.577
4.337
4.246
0.824
1.010
4.218
1.824
0.879
0.927
4.080
4.069
1.324
1.042
4.274
1.097
0.963
1.113
4.308
1.022
3.750
4.202
3.991
1.050
0.897
0.924
4.033
0.997
3.865
3.980
4.090
0.968
0.944
1.215
4.129
1.521
14.546
4.444
4.037
1.098
1.155
3.300
4.120
1.047
3.831
4.114
3.982
0.752
1.820
3.061
4.159
1.212
4.254
4.059
4.229
4.064
1.362
3.933
1.377
1.001
4.409
6.438
4.107
1.503
0.910
1.057
0.921
0.834
4.296
1.022
4.217
4.106
4.183
0.787
0.971
0.931
4.434
0.938
4.159
4.005
4.188
1.014
0.830
1.106
4.281
1.513
4.398
4.153
4.019
1.750
1.098
1.028
4.151
1.241
4.172
4.100
4.393
1.040
2.652
1.070
4.064
1.141
4.077
4.400
4.341
8.333
2.319
4.000
4.156
1.230
1.181
0.852
1.034
0.974
6.588
4.172
4.281
4.222
0.877
0.983
0.998
1.228
1.297
4.679
4.084
4.392
0.923
0.912
0.979
0.770
1.042
4.248
4.136
4.374
1.032
0.931
1.611
1.118
1.223
3.894
4.398
4.080
0.867
1.244
1.117
1.255
6.584
1.023
4.068
0.871
0.982
5.471
1.151
0.800
0.792
1.360
4.170
4.306
1.282
0.966
1.325
1.299
0.904
1.255
17.150
12.878
1.216
0.796
1.292
1.289
0.831
1.113
4.182
6.682
0.927
0.879
0.784
1.786
0.884
2.739
4.888
4.306
6.397
1.691
0.943
1.136
1.032
0.801
4.160
4.237
0.832
0.957
1.258
1.160
1.909
1.012
4.078
4.059
24.565
4.444
4.171
0.833
1.253
4.091
1.006
1.066
0.916
4.216
4.404
1.095
0.885
4.326
1.173
1.128
0.841
4.137
3.984
0.846
0.980
4.336
2.039
1.019
0.955
4.521
4.167
1.103
1.093
4.479
3.460
18.641
1.253
4.075
4.258
1.032
0.788
4.095
1.153
1.187
1.304
4.214
5.368
4.306
11.650
4.118
1.099
1.035
0.758
4.356
0.907
1.175
0.862
4.270
0.903
1.149
1.262
4.214
0.714
1.036
1.081
14.792
0.870
1.126
1.144
4.037
1.334
0.862
1.083
3.882
0.858
1.082
1.129
4.174
1.072
1.039
1.039
8.070
0.787
14.880
0.806
4.316
0.850
1.127
0.830
4.434
0.995
4.271
4.028
4.276
4.117
11.856
1.139
1.958
0.915
4.060
4.719
4.207
4.297
1.252
1.416
1.056
1.073
4.442
4.082
5.181
4.303
2.170
0.989
1.647
0.972
5.843
9.850
3.952
4.161
1.793
1.285
0.836
1.079
3.995
33.406
4.253
5.807
0.828
1.270
1.115
0.979
4.236
3.883
4.262
9.569
0.969
0.914
0.956
1.277
4.583
4.323
4.465
4.848
0.975
1.163
4.097
1.014
0.966
4.160
4.248
1.770
1.256
4.022
3.985
0.988
1.151
3.776
4.462
1.451
1.922
4.132
5.844
1.061
1.143
24.069
4.304
1.127
1.056
4.255
4.469
0.766
0.722
4.630
4.093
1.023
1.022
4.217
4.855
1.009
1.090
4.121
7.074
1.111
0.990
4.026
4.071
8.060
4.201
4.388
1.160
4.127
4.281
4.244
1.145
1.409
4.886
4.379
0.792
4.291
4.165
4.034
0.918
1.418
4.293
4.240
1.214
4.040
4.078
4.427
1.407
3.183
4.106
4.132
1.090
10.069
4.172
4.122
0.787
0.984
4.596
4.521
0.883
4.310
4.235
4.039
1.102
1.130
4.356
4.140
1.193
4.108
4.024
9.519
4.259
4.156
3.995
1.143
2.460
0.942
4.460
2.743
4.412
4.367
4.072
1.155
0.905
1.192
3.958
1.146
4.403
4.228
3.868
0.788
0.975
3.403
5.773
1.041
4.628
4.835
4.032
1.267
1.100
0.844
4.026
1.267
4.270
13.669
3.962
1.814
1.251
4.281
5.133
4.066
0.952
4.010
1.125
1.301
4.996
0.983
15.682
4.597
4.178
4.005
1.187
1.285
4.662
0.812
4.121
4.155
4.305
4.079
1.184
1.177
4.488
5.894
4.167
3.996
25.374
4.095
1.037
0.967
4.491
1.016
4.282
4.204
3.907
6.870
1.092
8.768
4.156
1.030
4.044
4.122
4.240
4.150
0.912
1.093
4.133
1.266
0.904
1.393
5.223
1.107
4.119
4.072
4.141
1.087
1.488
0.842
4.201
0.895
4.145
6.351
7.941
1.134
1.212
0.895
4.219
1.345
1.149
4.027
0.940
4.279
1.003
1.209
2.091
1.052
1.319
4.181
0.889
4.115
1.154
0.820
1.136
0.999
3.851
4.351
1.238
4.044
1.076
0.925
1.111
0.801
0.931
4.117
2.011
4.065
1.042
1.094
0.910
2.062
1.032
5.655
3.056
6.329
1.025
0.877
1.415
0.860
2.450
4.116
0.884
4.191
4.398
1.110
4.210
3.926
1.190
2.717
1.186
4.083
4.135
0.891
4.274
4.073
1.845
0.926
1.417
4.703
4.300
1.154
4.130
3.954
1.339
1.009
1.036
4.136
1.038
0.947
1.063
4.549
0.977
1.256
1.063
4.722
4.311
1.258
0.919
4.468
4.214
0.897
1.077
4.038
4.067
1.161
1.012
4.251
4.637
1.540
1.184
4.041
4.126
0.940
1.221
4.054
4.182
0.927
1.244
4.160
3.962
1.325
1.025
4.040
4.354
0.849
39.251
3.958
4.086
4.079
1.065
5.369
0.780
1.055
3.883
3.977
3.941
4.198
1.120
4.037
0.821
1.199
4.115
4.295
4.158
3.821
1.046
4.083
0.979
0.868
4.361
3.924
4.314
4.282
1.404
4.159
1.076
0.940
4.150
15.350
4.189
9.452
1.033
3.913
1.032
1.042
4.161
5.253
4.179
7.841
1.038
1.027
0.884
0.832
4.189
3.864
4.092
3.974
1.007
4.382
4.335
1.159
0.881
4.094
3.981
4.288
4.853
4.258
4.201
3.950
1.062
4.099
4.114
4.126
0.993
6.541
4.375
1.286
1.239
4.235
4.159
3.899
1.036
4.142
4.285
0.899
0.720
4.221
4.213
4.185
0.853
4.061
4.206
4.322
0.924
4.150
0.765
3.990
1.222
1.076
4.006
0.845
1.058
4.226
0.812
4.098
0.989
3.476
3.985
0.895
1.030
3.961
1.039
4.138
1.111
0.786
4.134
1.519
3.186
4.440
1.215
4.263
1.200
1.210
4.116
1.116
1.085
4.008
2.782
4.088
1.354
3.572
4.029
1.038
0.797
4.206
1.065
3.991
1.077
0.970
8.923
4.175
4.083
4.304
1.281
4.286
0.972
4.073
4.081
5.542
4.178
4.074
1.183
4.400
3.964
4.887
4.118
4.427
4.465
1.389
4.195
1.042
0.793
4.292
4.061
4.310
9.544
1.073
4.071
1.030
1.018
3.982
3.993
4.024
4.235
3.049
4.190
1.108
1.265
4.364
4.027
4.476
4.337
0.970
4.191
1.027
1.584
4.057
4.109
4.219
4.154
1.008
10.737
11.514
0.904
0.895
4.361
4.322
4.160
4.098
4.312
0.807
0.951
1.182
4.455
4.141
4.143
4.141
3.990
1.250
1.208
1.061
3.902
10.046
3.898
4.168
4.313
1.024
1.189
1.089
4.048
4.318
4.196
4.443
4.391
0.788
2.782
5.148
4.118
6.616
6.284
4.099
4.220
2.527
1.558
1.186
4.252
4.061
4.496
4.115
4.118
8.988
4.598
0.911
1.037
4.216
0.982
0.963
5.035
4.341
5.017
1.013
0.802
4.386
1.038
1.249
4.234
4.194
6.897
0.824
1.285
4.647
1.209
2.712
4.185
4.089
4.204
5.910
1.059
4.354
0.833
1.105
4.027
4.058
4.278
0.944
0.827
4.115
1.644
1.407
4.409
4.214
8.254
0.875
7.004
4.180
4.050
4.106
4.099
8.071
1.507
4.244
4.759
4.345
0.817
0.892
4.270
4.167
17.265
1.003
2.392
4.143
1.500
0.786
5.890
4.080
7.549
1.211
3.417
4.573
2.573
0.939
4.172
4.169
3.832
1.219
1.130
4.333
1.150
0.910
4.184
4.182
4.111
1.056
1.047
4.170
1.123
0.683
4.318
4.543
4.101
1.026
1.904
4.786
1.331
1.385
4.042
4.505
4.171
0.731
1.106
4.268
0.853
4.238
5.354
0.809
4.130
1.207
1.138
4.237
1.110
8.539
4.081
1.213
4.156
1.764
0.980
4.531
3.950
4.149
4.163
1.586
3.954
1.403
1.208
4.435
1.125
4.317
4.364
3.743
4.301
0.879
1.375
4.230
1.023
4.050
4.387
0.998
4.913
1.084
1.502
5.369
0.880
4.486
4.224
4.415
0.988
4.289
0.829
1.132
4.236
3.296
3.978
4.320
0.906
4.486
1.261
1.052
4.176
0.905
4.326
4.488
1.078
4.089
0.788
0.902
4.141
1.036
4.228
4.098
1.086
5.270
1.227
1.174
4.085
1.147
3.925
4.120
1.020
4.318
1.188
1.105
3.938
0.918
4.572
4.358
1.433
4.284
1.329
1.317
4.140
1.080
4.226
3.923
2.184
1.031
4.459
4.310
0.997
0.883
4.062
4.378
0.788
0.920
4.280
10.233
1.273
0.879
4.362
4.074
0.861
1.702
4.291
4.819
1.214
0.888
4.124
4.230
1.413
1.159
4.674
4.160
1.326
4.093
4.345
4.959
0.924
0.754
4.516
5.781
0.915
2.011
4.700
1.352
4.209
8.915
2.215
1.021
6.519
1.179
5.039
1.029
4.249
4.128
4.966
2.032
4.245
0.789
4.208
0.892
4.173
4.242
1.246
1.466
4.448
0.737
10.208
6.413
4.354
3.863
1.198
0.954
4.101
0.849
8.231
1.322
4.216
3.995
1.057
13.918
4.018
0.880
4.179
0.969
7.833
4.002
6.212
4.060
4.101
4.148
1.130
4.464
4.087
4.221
3.035
2.348
4.372
1.081
0.925
1.143
5.516
4.201
1.125
3.456
4.212
1.048
1.013
1.119
3.927
4.016
1.117
0.989
4.544
1.006
0.957
1.098
4.072
4.089
0.807
0.922
4.642
1.184
0.977
4.631
4.294
3.819
0.953
1.336
4.217
0.703
2.086
1.055
4.432
3.989
0.931
2.790
4.242
1.047
1.256
1.051
4.185
4.151
4.764
1.267
4.347
1.074
0.946
4.516
4.373
1.025
1.023
1.187
4.092
0.948
1.043
3.845
4.069
0.918
1.205
2.359
4.287
0.992
1.283
4.304
4.414
1.116
0.946
1.061
4.490
0.859
0.909
4.391
5.259
1.333
1.040
1.214
4.159
1.018
1.447
4.364
1.006
4.085
1.846
1.424
6.498
1.667
1.268
35.085
2.865
2.248
1.559
1.482
4.466
0.879
0.975
1.308
0.994
1.110
2.977
2.095